100 0.0000010 1
4950 0.0000010 2
161700 0.0000010 3
3921225 0.0000010 4
75287520 0.0000010 5
1192052400 0.0000010 6
16007560800 0.0000010 7
186087894300 0.0000010 8
1902231808400 0.0000010 9
17310309456440 0.0000010 10
141629804643600 0.0000010 11
1050421051106700 0.0000011 12
7110542499799200 0.0000016 13
44186942677323600 0.0000011 14
253338471349988640 0.0000010 15
1345860629046814650 0.0000014 16
6650134872937201800 0.0000011 17
30664510802988208300 0.0000010 18
132341572939212267400 0.0000012 19
535983370403809682970 0.0000017 20
2041841411062132125600 0.0000026 21
7332066885177656269200 0.0000012 22
24865270306254660391200 0.0000012 23
79776075565900368755100 0.0000015 24
242519269720337121015504 0.0000022 25
699574816500972464467800 0.0000018 26
1917353200780443050763600 0.0000016 27
4998813702034726525205100 0.0000020 28
12410847811948286545336800 0.0000020 29
29372339821610944823963760 0.0000012 30
66324638306863423796047200 0.0000020 31
143012501349174257560226775 0.0000020 32
294692427022540894366527900 0.0000036 33
580717429720889409486981450 0.0000020 34
1095067153187962886461165020 0.0000110 35
1977204582144932989443770175 0.0000045 36
3420029547493938143902737600 0.0000028 37
5670048986634686922786117600 0.0000026 38
9013924030034630492634340800 0.0000050 39
13746234145802811501267369720 0.0000022 40
20116440213369968050635175200 0.0000028 41
28258808871162574166368460400 0.0000026 42
38116532895986727945334202400 0.0000030 43
49378235797073715747364762200 0.0000027 44
61448471214136179596720592960 0.0000048 45
73470998190814997343905056800 0.0000027 46
84413487283064039501507937600 0.0000030 47
93206558875049876949581681100 0.0000020 48
98913082887808032681188722800 0.0000030 49
100891344545564193334812497256 0.0000026 50
98913082887808032681188722800 0.0000044 51
93206558875049876949581681100 0.0000025 52
84413487283064039501507937600 0.0000024 53
73470998190814997343905056800 0.0000027 54
61448471214136179596720592960 0.0000026 55
49378235797073715747364762200 0.0000030 56
38116532895986727945334202400 0.0000028 57
28258808871162574166368460400 0.0000023 58
20116440213369968050635175200 0.0000022 59
13746234145802811501267369720 0.0000052 60
9013924030034630492634340800 0.0000027 61
5670048986634686922786117600 0.0000020 62
3420029547493938143902737600 0.0000022 63
1977204582144932989443770175 0.0000025 64
1095067153187962886461165020 0.0000020 65
580717429720889409486981450 0.0000020 66
294692427022540894366527900 0.0000020 67
143012501349174257560226775 0.0000020 68
66324638306863423796047200 0.0000020 69
29372339821610944823963760 0.0000018 70
12410847811948286545336800 0.0000020 71
4998813702034726525205100 0.0000020 72
1917353200780443050763600 0.0000019 73
699574816500972464467800 0.0000012 74
242519269720337121015504 0.0000016 75
79776075565900368755100 0.0000020 76
24865270306254660391200 0.0000020 77
7332066885177656269200 0.0000014 78
2041841411062132125600 0.0000012 79
535983370403809682970 0.0000016 80
132341572939212267400 0.0000016 81
30664510802988208300 0.0000017 82
6650134872937201800 0.0000017 83
1345860629046814650 0.0000011 84
253338471349988640 0.0000016 85
44186942677323600 0.0000011 86
7110542499799200 0.0000010 87
1050421051106700 0.0000013 88
141629804643600 0.0000011 89
17310309456440 0.0000011 90
1902231808400 0.0000010 91
186087894300 0.0000010 92
16007560800 0.0000010 93
1192052400 0.0000009 94
75287520 0.0000010 95
3921225 0.0000010 96
161700 0.0000010 97
4950 0.0000010 98
100 0.0000008 99
1 0.0000006 100
