100 0.0000008 1
4950 0.0000008 2
161700 0.0000008 3
3921225 0.0000009 4
75287520 0.0000009 5
1192052400 0.0000009 6
16007560800 0.0000010 7
186087894300 0.0000010 8
1902231808400 0.0000011 9
17310309456440 0.0000011 10
141629804643600 0.0000012 11
1050421051106700 0.0000012 12
7110542499799200 0.0000013 13
44186942677323600 0.0000014 14
253338471349988640 0.0000013 15
1345860629046814650 0.0000013 16
6650134872937201800 0.0000014 17
30664510802988208300 0.0000014 18
132341572939212267400 0.0000014 19
535983370403809682970 0.0000015 20
2041841411062132125600 0.0000015 21
7332066885177656269200 0.0000016 22
24865270306254660391200 0.0000016 23
79776075565900368755100 0.0000016 24
242519269720337121015504 0.0000017 25
699574816500972464467800 0.0000017 26
1917353200780443050763600 0.0000018 27
4998813702034726525205100 0.0000018 28
12410847811948286545336800 0.0000019 29
29372339821610944823963760 0.0000019 30
66324638306863423796047200 0.0000019 31
143012501349174257560226775 0.0000020 32
294692427022540894366527900 0.0000020 33
580717429720889409486981450 0.0000021 34
1095067153187962886461165020 0.0000023 35
1977204582144932989443770175 0.0000024 36
3420029547493938143902737600 0.0000025 37
5670048986634686922786117600 0.0000024 38
9013924030034630492634340800 0.0000024 39
13746234145802811501267369720 0.0000024 40
20116440213369968050635175200 0.0000024 41
28258808871162574166368460400 0.0000025 42
38116532895986727945334202400 0.0000026 43
49378235797073715747364762200 0.0000026 44
61448471214136179596720592960 0.0000026 45
73470998190814997343905056800 0.0000026 46
84413487283064039501507937600 0.0000028 47
93206558875049876949581681100 0.0000028 48
98913082887808032681188722800 0.0000029 49
100891344545564193334812497256 0.0000029 50
98913082887808032681188722800 0.0000029 51
93206558875049876949581681100 0.0000028 52
84413487283064039501507937600 0.0000028 53
73470998190814997343905056800 0.0000028 54
61448471214136179596720592960 0.0000027 55
49378235797073715747364762200 0.0000026 56
38116532895986727945334202400 0.0000026 57
28258808871162574166368460400 0.0000026 58
20116440213369968050635175200 0.0000024 59
13746234145802811501267369720 0.0000025 60
9013924030034630492634340800 0.0000024 61
5670048986634686922786117600 0.0000024 62
3420029547493938143902737600 0.0000023 63
1977204582144932989443770175 0.0000022 64
1095067153187962886461165020 0.0000021 65
580717429720889409486981450 0.0000022 66
294692427022540894366527900 0.0000021 67
143012501349174257560226775 0.0000021 68
66324638306863423796047200 0.0000020 69
29372339821610944823963760 0.0000020 70
12410847811948286545336800 0.0000019 71
4998813702034726525205100 0.0000019 72
1917353200780443050763600 0.0000019 73
699574816500972464467800 0.0000017 74
242519269720337121015504 0.0000017 75
79776075565900368755100 0.0000017 76
24865270306254660391200 0.0000016 77
7332066885177656269200 0.0000016 78
2041841411062132125600 0.0000016 79
535983370403809682970 0.0000015 80
132341572939212267400 0.0000014 81
30664510802988208300 0.0000014 82
6650134872937201800 0.0000014 83
1345860629046814650 0.0000013 84
253338471349988640 0.0000013 85
44186942677323600 0.0000012 86
7110542499799200 0.0000012 87
1050421051106700 0.0000012 88
141629804643600 0.0000012 89
17310309456440 0.0000011 90
1902231808400 0.0000011 91
186087894300 0.0000010 92
16007560800 0.0000010 93
1192052400 0.0000009 94
75287520 0.0000009 95
3921225 0.0000009 96
161700 0.0000008 97
4950 0.0000008 98
100 0.0000007 99
1 0.0000006 100
