300 0.0000301 1
44850 0.0000281 2
4455100 0.0000277 3
330791175 0.0000266 4
19582837560 0.0000261 5
962822846700 0.0000254 6
40438559561400 0.0000254 7
1481062243936275 0.0000257 8
48052241692154700 0.0000251 9
1398320233241701770 0.0000261 10
36864806149099410300 0.0000258 11
887827414757477464725 0.0000251 12
19668791957704116141600 0.0000256 13
403210235132934380902800 0.0000260 14
7687875149867948862546720 0.0000258 15
136940276107022839114113450 0.0000256 16
2287708142023205076965189400 0.0000255 17
35967855788475946487841588900 0.0000257 18
533838701702642995240596214200 0.0000254 19
7500433758922134083130376809510 0.0000255 20
100005783452295121108405024126800 0.0000253 21
1268255162872288126783863715062600 0.0000257 22
15329345012108526054170178816843600 0.0000253 23
176926190348085904875214147177736550 0.0000254 24
1953265141442868389822364184842211512 0.0000257 25
20659535149876492584659621185831083300 0.0000257 26
209656023372820702525805044626582104600 0.0000246 27
2044146227885001849626599185109175519850 0.0000252 28
19172681861542086313739137184472266944800 0.0000249 29
173193226149263513034110205899732811401360 0.0000251 30
1508457130977456403845475986868640615431200 0.0000248 31
12680467757279242894826032514614510173468525 0.0000249 32
102980768453055669570102324664142082620895900 0.0000249 33
808701916969584228682862373097821648817035450 0.0000249 34
6146134568968840137989754035543444531009469420 0.0000247 35
45242379466020628793535689428305911131041927675 0.0000251 36
322810491325120162202524919164128663205272132600 0.0000249 37
2234188400487015859454317203688574695341751865100 0.0000253 38
15009163100707645004539259163241194107167666375800 0.0000250 39
97934789232117383654618666040148791549269023102095 0.0000249 40
621049882935378530492703735864358190312437707476700 0.0000251 41
3829807611434834271371673037830208840260032529439650 0.0000247 42
22978845668609005628230038226981253041560195176637900 0.0000251 43
134217348564375328328525450553049591629112958190816825 0.0000245 44
763547582944001867824500340924015454601175939929980160 0.0000249 45
4232709427189575571635817107296172628767388362655324800 0.0000246 46
22874642436301110536074415856451656334189715832222393600 0.0000245 47
120568427841337103450558900243380605261458293865672199600 0.0000249 48
620066200326876532031445772680243112773214082737742740800 0.0000249 49
3112732325640920190797857778854820426121534695343468558816 0.0000248 50
15258491792357451915675773425758923657458503408546414504000 0.0000248 51
73064701082634721673139761211807153667445525937078023298000 0.0000252 52
341887657896102093866767184538267436028801706271610373168000 0.0000247 53
1563819472228466984909101751499112161094704100909032632824000 0.0000252 54
6994538003058234150684346015796028938714494705884036866812800 0.0000248 55
30601103763379774409244013819107626606875914338242661292306000 0.0000247 56
130994198566046753611500690734425629685574089447915953602152000 0.0000248 57
548820521578437260820597721525266000234387995445578909057292000 0.0000247 58
2251094342745454527433638112018887661978337201658137220201096000 0.0000249 59
9041895610027575685191779749942532108946321093326851167807735600 0.0000252 60
35574671252567510892557821966987011576182246924564660332358304000 0.0000248 61
137134619828445727472924507259837028495283177660821835797316688000 0.0000255 62
518064119351906081564381471870495440982180893385326935234307488000 0.0000253 63
1918456191975027208293100138020428429887138620817538807039544916500 0.0000246 64
6965471712401637248571871270351093991590226377122140899405116927600 0.0000249 65
24801300794157344748702874977765258909450048463995501687275795121000 0.0000248 66
86619468445265950316365264847717471415094199113058916340634866542000 0.0000247 67
296799060996278917995780981022326041760543358725628345696587116239500 0.0000245 68
997933074654155202536538950683762923020957380062982263791423347356000 0.0000249 69
3293179146358712168370578537256417645969159354207841470511697046274800 0.0000256 70
10668045122007095756693423430548958571449389457293007580530849586524000 0.0000252 71
33930310179717012892816582855495993234193197023890260221410618823805500 0.0000256 72
105974119465417519720029875219905293936932177006123004527145494408598000 0.0000254 73
325082771873645634816848401012412185455183840275539486860297665280429000 0.0000252 74
979582752579252179581436515050735385504953972030292320405696964711692720 0.0000247 75
2900080517504365005339779156400203443929140048773891738043181803422774500 0.0000250 76
8436597869103607288261175727709682745975680141887685056125619791775344000 0.0000254 77
24120016984744928529259515221528964773750982969755817532256579661101304000 0.0000251 78
67780300893840178905007751635182660503452129358047993571657730186892272000 0.0000250 79
187243081219233494225083913892192099640786507351607582241704479641289901400 0.0000252 80
508561455163350231228622976003484715073741131078440346829320808902268868000 0.0000252 81
1358231203424069519988639411521501860989625703733883365312454355482888806000 0.0000254 82
3567402437909001871777390261586595249346245824264898477567651198738189876000 0.0000252 83
9215789631264921502091591509098704394144468379350987733716432263406990513000 0.0000254 84
23418947768861447581785691364297884107473001999291921770385286692893058244800 0.0000253 85
58547369422153618954464228410744710268682504998229804425963216732232645612000 0.0000250 86
144013069613113499497187872182751356293081104248519289047771590582733174264000 0.0000252 87
348577088949922447646602463351432260118480400056075097354265327205933705889000 0.0000253 88
830318459071725380911008114949479091518178031594246299315778082782673546612000 0.0000252 89
1946635498490378393024696802826000981225950718515399657284768616301601314834800 0.0000249 90
4492235765747027060826223391136925341290655504266306901426389114542156880388000 0.0000255 91
10205187772186181040355224877691493438366815221648458069544731792818595521751000 0.0000255 92
22824505985104576950471900801718608980433307162396551381347357128024385683056000 0.0000247 93
50262475945921781156890249637827149563294623219320065275945775803202636557368000 0.0000252 94
108990210998525125455993593951498871684617814559788773124682419110102559271766400 0.0000245 95
232739513069767194984152987083929882243194291507882275943332249141364840111584500 0.0000252 96
489472790373531008007909374898161814202181808944412209200410090977715746214054000 0.0000245 97
1013907922916599945159240848003335186561662318527711004772278045596696902871969000 0.0000244 98
2068781822516698878001683346431047552378341296389874979434345103136694690708462000 0.0000245 99
4158251463258564744783383526326405580280466005743648708663033657304756328324008620 0.0000250 100
8234161313383296524323531735299813030258348526225046947847591400603477877869324000 0.0000254 101
16064687268267411846474341326712380323739327026654748457075202830589138212705838000 0.0000251 102
30881631836086869374775918278534478680586279138617865966028059810258731709861708000 0.0000249 103
58496937227972242950296691354531656731495163368343457647187767140586251411949581500 0.0000250 104
109194282825548186840553823861792425898790971620907787608083831995761002635639218800 0.0000248 105
200876275009263173904792411821221915568530561000726590411097615463899957678770261000 0.0000247 106
364205582727075287266632970965579921684999334898513631212644274766323287754032062000 0.0000251 107
650848865428940096689445957373675230418563626253825285407780972499077727190075814500 0.0000248 108
1146449377636298151966730493722437103122607488447105089892605015778191959821050976000 0.0000247 109
1990653010259390427505868402736231697240163911758155201540795981942133312052915785600 0.0000244 110
3407424071615172803838873842521477679960640930036481876511272401522570534144630624000 0.0000253 111
5750028120850604106478099609254993584933581569436563166612772177569337776369064178000 0.0000250 112
9566418466547907716972413509202998176703657832336936949762842206929517716437027128000 0.0000247 113
15692282923197006518191590580885619816171789602166729908821504321893156254155474324000 0.0000248 114
25380561945344723585944659548215002485286546660895754461224346120627191854547114993600 0.0000248 115
40477620343868740201722086348446340170500095967807884270056069244103711147338071326000 0.0000246 116
63657112335656822197580033231744671721128356051937185518720655905257118385557308752000 0.0000247 117
98722470825637275103026661706858262075987196250038177541744746022559768343703283912000 0.0000250 118
150987308321562891334040776728136165527980417794176036240315493916856116290369728336000 0.0000250 119
227739190051690694428844838231605383004703796839548854662475869991257975404641006906800 0.0000246 120
338785571977721694191670007286685693726005648191064411894592203292780459279631249944000 0.0000242 121
497070634295181830002532223805874911286516483821315817451901675323013952549622899508000 0.0000250 122
719337991093840371873583218190615725276422228619465166719012180548751898811649399288000 0.0000246 123
1026796971158143111464711529191443414305860761819720439590848031912331339432757610274000 0.0000245 124
1445730135390665500942313833101552327342651952642166378943914028932562525921322715265792 0.0000249 125
2007958521375924306864324768196600454642572156447453304088769484628559063779614882313600 0.0000243 126
2751061281255203381058208737529200622896122482061865156783038506498970685808291256083200 0.0000243 127
3718231262946485819711485246816810216883040542161739625964575481440015067537768650799950 0.0000249 128
4957641683928647759615313662422413622510720722882319501286100641920020090050358201066600 0.0000251 129
6521205599629221283801681817494097918841024950868281805537870844371718733835471172172220 0.0000246 130
8462633220892882582032716862396920963381482760668762648407923996512917440855191597475400 0.0000249 131
10834734957052251184572190528371815475844474140553188542279842086444568541700964999798050 0.0000252 132
13685980998381790969985924877943345864224598914382975000774537372351033947411745262902800 0.0000246 133
17056409154699694716325742198630886263623194169417588247233938367034497531475831782871400 0.0000253 134
20973066071704809799333875592390571257492223941654219622524694584649826594259170933012240 0.0000251 135
25445263984053629535956540240767972481516301105683428218504225047553098441564435323139850 0.0000246 136
30460024039305074772969872988948521802691046579066293633829875239406628791361805788284200 0.0000245 137
35978144336280631797058618095642094593033627481071056973291809159588989079651987996306700 0.0000252 138
41931362463866635619593497348877836863823364402399361364555921466571339790673539966918600 0.0000249 139
48221066833446630962532521951209512393396869062759265569239309686557040759274570961956390 0.0000252 140
54718941087599013858192932710592354488960986170506968021831840779071819301304477687326400 0.0000250 141
61269800231889036644032931697071720871442230993736675461065230168115628654277548959752800 0.0000247 142
67696702354115159368931490965995327955859248230841921138799345220715170121509459689796800 0.0000254 143
73808210205528333478626695011536572840763208140570705686052063886474178535256841467347900 0.0000244 144
79407453738361517397694927046894519745924554965027793703614634250275667941379774268319120 0.0000250 145
84302433763329008196182970494990757264508945339584301534659371978032387198040171312256600 0.0000251 146
88316835371106580015048826232847459991390323689088315893452675405557738969375417565221200 0.0000250 147
91300512241752072583124800092065279585694050840746704943907157682772527448070533023505700 0.0000250 148
93138777588901443172046775932845117429701313609352343298482469582425665584608865903173600 0.0000246 149
93759702772827452793193754439064084879232655700081358920472352712975170021839591675861424 0.0000253 150
93138777588901443172046775932845117429701313609352343298482469582425665584608865903173600 0.0000249 151
91300512241752072583124800092065279585694050840746704943907157682772527448070533023505700 0.0000248 152
88316835371106580015048826232847459991390323689088315893452675405557738969375417565221200 0.0000247 153
84302433763329008196182970494990757264508945339584301534659371978032387198040171312256600 0.0000249 154
79407453738361517397694927046894519745924554965027793703614634250275667941379774268319120 0.0000251 155
73808210205528333478626695011536572840763208140570705686052063886474178535256841467347900 0.0000252 156
67696702354115159368931490965995327955859248230841921138799345220715170121509459689796800 0.0000249 157
61269800231889036644032931697071720871442230993736675461065230168115628654277548959752800 0.0000248 158
54718941087599013858192932710592354488960986170506968021831840779071819301304477687326400 0.0000250 159
48221066833446630962532521951209512393396869062759265569239309686557040759274570961956390 0.0000253 160
41931362463866635619593497348877836863823364402399361364555921466571339790673539966918600 0.0000250 161
35978144336280631797058618095642094593033627481071056973291809159588989079651987996306700 0.0000252 162
30460024039305074772969872988948521802691046579066293633829875239406628791361805788284200 0.0000250 163
25445263984053629535956540240767972481516301105683428218504225047553098441564435323139850 0.0000249 164
20973066071704809799333875592390571257492223941654219622524694584649826594259170933012240 0.0000249 165
17056409154699694716325742198630886263623194169417588247233938367034497531475831782871400 0.0000247 166
13685980998381790969985924877943345864224598914382975000774537372351033947411745262902800 0.0000247 167
10834734957052251184572190528371815475844474140553188542279842086444568541700964999798050 0.0000246 168
8462633220892882582032716862396920963381482760668762648407923996512917440855191597475400 0.0000249 169
6521205599629221283801681817494097918841024950868281805537870844371718733835471172172220 0.0000249 170
4957641683928647759615313662422413622510720722882319501286100641920020090050358201066600 0.0000253 171
3718231262946485819711485246816810216883040542161739625964575481440015067537768650799950 0.0000250 172
2751061281255203381058208737529200622896122482061865156783038506498970685808291256083200 0.0000248 173
2007958521375924306864324768196600454642572156447453304088769484628559063779614882313600 0.0000250 174
1445730135390665500942313833101552327342651952642166378943914028932562525921322715265792 0.0000251 175
1026796971158143111464711529191443414305860761819720439590848031912331339432757610274000 0.0000246 176
719337991093840371873583218190615725276422228619465166719012180548751898811649399288000 0.0000247 177
497070634295181830002532223805874911286516483821315817451901675323013952549622899508000 0.0000252 178
338785571977721694191670007286685693726005648191064411894592203292780459279631249944000 0.0000251 179
227739190051690694428844838231605383004703796839548854662475869991257975404641006906800 0.0000250 180
150987308321562891334040776728136165527980417794176036240315493916856116290369728336000 0.0000254 181
98722470825637275103026661706858262075987196250038177541744746022559768343703283912000 0.0000249 182
63657112335656822197580033231744671721128356051937185518720655905257118385557308752000 0.0000247 183
40477620343868740201722086348446340170500095967807884270056069244103711147338071326000 0.0000247 184
25380561945344723585944659548215002485286546660895754461224346120627191854547114993600 0.0000249 185
15692282923197006518191590580885619816171789602166729908821504321893156254155474324000 0.0000250 186
9566418466547907716972413509202998176703657832336936949762842206929517716437027128000 0.0000247 187
5750028120850604106478099609254993584933581569436563166612772177569337776369064178000 0.0000246 188
3407424071615172803838873842521477679960640930036481876511272401522570534144630624000 0.0000249 189
1990653010259390427505868402736231697240163911758155201540795981942133312052915785600 0.0000244 190
1146449377636298151966730493722437103122607488447105089892605015778191959821050976000 0.0000249 191
650848865428940096689445957373675230418563626253825285407780972499077727190075814500 0.0000251 192
364205582727075287266632970965579921684999334898513631212644274766323287754032062000 0.0000246 193
200876275009263173904792411821221915568530561000726590411097615463899957678770261000 0.0000254 194
109194282825548186840553823861792425898790971620907787608083831995761002635639218800 0.0000247 195
58496937227972242950296691354531656731495163368343457647187767140586251411949581500 0.0000252 196
30881631836086869374775918278534478680586279138617865966028059810258731709861708000 0.0000248 197
16064687268267411846474341326712380323739327026654748457075202830589138212705838000 0.0000250 198
8234161313383296524323531735299813030258348526225046947847591400603477877869324000 0.0000248 199
4158251463258564744783383526326405580280466005743648708663033657304756328324008620 0.0000248 200
2068781822516698878001683346431047552378341296389874979434345103136694690708462000 0.0000254 201
1013907922916599945159240848003335186561662318527711004772278045596696902871969000 0.0000247 202
489472790373531008007909374898161814202181808944412209200410090977715746214054000 0.0000253 203
232739513069767194984152987083929882243194291507882275943332249141364840111584500 0.0000252 204
108990210998525125455993593951498871684617814559788773124682419110102559271766400 0.0000251 205
50262475945921781156890249637827149563294623219320065275945775803202636557368000 0.0000254 206
22824505985104576950471900801718608980433307162396551381347357128024385683056000 0.0000256 207
10205187772186181040355224877691493438366815221648458069544731792818595521751000 0.0000252 208
4492235765747027060826223391136925341290655504266306901426389114542156880388000 0.0000252 209
1946635498490378393024696802826000981225950718515399657284768616301601314834800 0.0000256 210
830318459071725380911008114949479091518178031594246299315778082782673546612000 0.0000246 211
348577088949922447646602463351432260118480400056075097354265327205933705889000 0.0000250 212
144013069613113499497187872182751356293081104248519289047771590582733174264000 0.0000250 213
58547369422153618954464228410744710268682504998229804425963216732232645612000 0.0000254 214
23418947768861447581785691364297884107473001999291921770385286692893058244800 0.0000252 215
9215789631264921502091591509098704394144468379350987733716432263406990513000 0.0000259 216
3567402437909001871777390261586595249346245824264898477567651198738189876000 0.0000253 217
1358231203424069519988639411521501860989625703733883365312454355482888806000 0.0000254 218
508561455163350231228622976003484715073741131078440346829320808902268868000 0.0000254 219
187243081219233494225083913892192099640786507351607582241704479641289901400 0.0000251 220
67780300893840178905007751635182660503452129358047993571657730186892272000 0.0000256 221
24120016984744928529259515221528964773750982969755817532256579661101304000 0.0000248 222
8436597869103607288261175727709682745975680141887685056125619791775344000 0.0000248 223
2900080517504365005339779156400203443929140048773891738043181803422774500 0.0000254 224
979582752579252179581436515050735385504953972030292320405696964711692720 0.0000252 225
325082771873645634816848401012412185455183840275539486860297665280429000 0.0000251 226
105974119465417519720029875219905293936932177006123004527145494408598000 0.0000249 227
33930310179717012892816582855495993234193197023890260221410618823805500 0.0000253 228
10668045122007095756693423430548958571449389457293007580530849586524000 0.0000249 229
3293179146358712168370578537256417645969159354207841470511697046274800 0.0000250 230
997933074654155202536538950683762923020957380062982263791423347356000 0.0000249 231
296799060996278917995780981022326041760543358725628345696587116239500 0.0000245 232
86619468445265950316365264847717471415094199113058916340634866542000 0.0000252 233
24801300794157344748702874977765258909450048463995501687275795121000 0.0000247 234
6965471712401637248571871270351093991590226377122140899405116927600 0.0000246 235
1918456191975027208293100138020428429887138620817538807039544916500 0.0000245 236
518064119351906081564381471870495440982180893385326935234307488000 0.0000250 237
137134619828445727472924507259837028495283177660821835797316688000 0.0000250 238
35574671252567510892557821966987011576182246924564660332358304000 0.0000248 239
9041895610027575685191779749942532108946321093326851167807735600 0.0000249 240
2251094342745454527433638112018887661978337201658137220201096000 0.0000252 241
548820521578437260820597721525266000234387995445578909057292000 0.0000248 242
130994198566046753611500690734425629685574089447915953602152000 0.0000255 243
30601103763379774409244013819107626606875914338242661292306000 0.0000249 244
6994538003058234150684346015796028938714494705884036866812800 0.0000251 245
1563819472228466984909101751499112161094704100909032632824000 0.0000247 246
341887657896102093866767184538267436028801706271610373168000 0.0000252 247
73064701082634721673139761211807153667445525937078023298000 0.0000246 248
15258491792357451915675773425758923657458503408546414504000 0.0000250 249
3112732325640920190797857778854820426121534695343468558816 0.0000249 250
620066200326876532031445772680243112773214082737742740800 0.0000248 251
120568427841337103450558900243380605261458293865672199600 0.0000251 252
22874642436301110536074415856451656334189715832222393600 0.0000247 253
4232709427189575571635817107296172628767388362655324800 0.0000251 254
763547582944001867824500340924015454601175939929980160 0.0000252 255
134217348564375328328525450553049591629112958190816825 0.0000252 256
22978845668609005628230038226981253041560195176637900 0.0000250 257
3829807611434834271371673037830208840260032529439650 0.0000253 258
621049882935378530492703735864358190312437707476700 0.0000253 259
97934789232117383654618666040148791549269023102095 0.0000251 260
15009163100707645004539259163241194107167666375800 0.0000253 261
2234188400487015859454317203688574695341751865100 0.0000252 262
322810491325120162202524919164128663205272132600 0.0000251 263
45242379466020628793535689428305911131041927675 0.0000247 264
6146134568968840137989754035543444531009469420 0.0000259 265
808701916969584228682862373097821648817035450 0.0000257 266
102980768453055669570102324664142082620895900 0.0000259 267
12680467757279242894826032514614510173468525 0.0000251 268
1508457130977456403845475986868640615431200 0.0000254 269
173193226149263513034110205899732811401360 0.0000252 270
19172681861542086313739137184472266944800 0.0000257 271
2044146227885001849626599185109175519850 0.0000252 272
209656023372820702525805044626582104600 0.0000251 273
20659535149876492584659621185831083300 0.0000257 274
1953265141442868389822364184842211512 0.0000253 275
176926190348085904875214147177736550 0.0000257 276
15329345012108526054170178816843600 0.0000252 277
1268255162872288126783863715062600 0.0000253 278
100005783452295121108405024126800 0.0000258 279
7500433758922134083130376809510 0.0000257 280
533838701702642995240596214200 0.0000257 281
35967855788475946487841588900 0.0000257 282
2287708142023205076965189400 0.0000255 283
136940276107022839114113450 0.0000250 284
7687875149867948862546720 0.0000258 285
403210235132934380902800 0.0000255 286
19668791957704116141600 0.0000256 287
887827414757477464725 0.0000252 288
36864806149099410300 0.0000250 289
1398320233241701770 0.0000248 290
48052241692154700 0.0000259 291
1481062243936275 0.0000258 292
40438559561400 0.0000260 293
962822846700 0.0000254 294
19582837560 0.0000261 295
330791175 0.0000261 296
4455100 0.0000258 297
44850 0.0000255 298
300 0.0000252 299
1 0.0000325 300
