100 0.0000086 1
4950 0.0000087 2
161700 0.0000086 3
3921225 0.0000085 4
75287520 0.0000087 5
1192052400 0.0000085 6
16007560800 0.0000085 7
186087894300 0.0000084 8
1902231808400 0.0000084 9
17310309456440 0.0000084 10
141629804643600 0.0000087 11
1050421051106700 0.0000084 12
7110542499799200 0.0000085 13
44186942677323600 0.0000085 14
253338471349988640 0.0000085 15
1345860629046814650 0.0000084 16
6650134872937201800 0.0000083 17
30664510802988208300 0.0000082 18
132341572939212267400 0.0000083 19
535983370403809682970 0.0000083 20
2041841411062132125600 0.0000084 21
7332066885177656269200 0.0000084 22
24865270306254660391200 0.0000084 23
79776075565900368755100 0.0000085 24
242519269720337121015504 0.0000083 25
699574816500972464467800 0.0000082 26
1917353200780443050763600 0.0000083 27
4998813702034726525205100 0.0000082 28
12410847811948286545336800 0.0000083 29
29372339821610944823963760 0.0000082 30
66324638306863423796047200 0.0000081 31
143012501349174257560226775 0.0000083 32
294692427022540894366527900 0.0000083 33
580717429720889409486981450 0.0000085 34
1095067153187962886461165020 0.0000082 35
1977204582144932989443770175 0.0000082 36
3420029547493938143902737600 0.0000084 37
5670048986634686922786117600 0.0000083 38
9013924030034630492634340800 0.0000088 39
13746234145802811501267369720 0.0000084 40
20116440213369968050635175200 0.0000082 41
28258808871162574166368460400 0.0000081 42
38116532895986727945334202400 0.0000082 43
49378235797073715747364762200 0.0000081 44
61448471214136179596720592960 0.0000082 45
73470998190814997343905056800 0.0000081 46
84413487283064039501507937600 0.0000081 47
93206558875049876949581681100 0.0000082 48
98913082887808032681188722800 0.0000086 49
100891344545564193334812497256 0.0000084 50
98913082887808032681188722800 0.0000083 51
93206558875049876949581681100 0.0000085 52
84413487283064039501507937600 0.0000081 53
73470998190814997343905056800 0.0000081 54
61448471214136179596720592960 0.0000084 55
49378235797073715747364762200 0.0000084 56
38116532895986727945334202400 0.0000081 57
28258808871162574166368460400 0.0000082 58
20116440213369968050635175200 0.0000088 59
13746234145802811501267369720 0.0000083 60
9013924030034630492634340800 0.0000087 61
5670048986634686922786117600 0.0000082 62
3420029547493938143902737600 0.0000085 63
1977204582144932989443770175 0.0000088 64
1095067153187962886461165020 0.0000085 65
580717429720889409486981450 0.0000083 66
294692427022540894366527900 0.0000083 67
143012501349174257560226775 0.0000083 68
66324638306863423796047200 0.0000081 69
29372339821610944823963760 0.0000086 70
12410847811948286545336800 0.0000087 71
4998813702034726525205100 0.0000088 72
1917353200780443050763600 0.0000084 73
699574816500972464467800 0.0000088 74
242519269720337121015504 0.0000086 75
79776075565900368755100 0.0000085 76
24865270306254660391200 0.0000084 77
7332066885177656269200 0.0000085 78
2041841411062132125600 0.0000084 79
535983370403809682970 0.0000086 80
132341572939212267400 0.0000086 81
30664510802988208300 0.0000084 82
6650134872937201800 0.0000086 83
1345860629046814650 0.0000087 84
253338471349988640 0.0000089 85
44186942677323600 0.0000092 86
7110542499799200 0.0000092 87
1050421051106700 0.0000087 88
141629804643600 0.0000090 89
17310309456440 0.0000088 90
1902231808400 0.0000087 91
186087894300 0.0000085 92
16007560800 0.0000085 93
1192052400 0.0000087 94
75287520 0.0000094 95
3921225 0.0000086 96
161700 0.0000091 97
4950 0.0000086 98
100 0.0000086 99
1 0.0000087 100
