108.4 0.0000031 1
5159.0 0.0000030 2
166242.3 0.0000030 3
4003742.3 0.0000031 4
76554502.2 0.0000031 5
1208773062.4 0.0000031 6
16200151497.8 0.0000032 7
188049051369.3 0.0000032 8
1920077810813.9 0.0000034 9
17456732683020.6 0.0000030 10
142721233909716.9 0.0000030 11
1057859535047318.1 0.0000030 12
7157151421710755.6 0.0000031 13
44456730078454758.7 0.0000031 14
254787080179762181.0 0.0000031 15
1353102448033217524.6 0.0000030 16
6683950551769320049.1 0.0000030 17
30812426435948129795.1 0.0000030 18
132949224567040271463.0 0.0000030 19
538333246453206826822.0 0.0000029 20
2050413589017766910870.0 0.0000031 21
7361620683249800872880.0 0.0000033 22
24961732140000676651100.0 0.0000034 23
80074610420004310958500.0 0.0000032 24
243396572718360186346000.0 0.0000031 25
702026044976445297020000.0 0.0000031 26
1923872702697683685000000.0 0.0000032 27
5015337704770845738430000.0 0.0000031 28
12450798204743459963100000.0 0.0000031 29
29464561071296323830600000.0 0.0000030 30
66528066812386004460000000.0 0.0000032 31
143441642668523798783000000.0 0.0000030 32
295558802039720366267000000.0 0.0000032 33
582392420604906456293000000.0 0.0000029 34
1098170141290420577060000000.0 0.0000030 35
1982715792764164211650000000.0 0.0000030 36
3429418789651494174910000000.0 0.0000032 37
5685399702368341586140000000.0 0.0000032 38
9038018690517579444880000000.0 0.0000033 39
13782556098004879009100000000.0 0.0000033 40
20169044270704799079400000000.0 0.0000033 41
28332023964893441123300000000.0 0.0000032 42
38214488148195617008600000000.0 0.0000033 43
49504244425121629352700000000.0 0.0000031 44
61604356029726578875400000000.0 0.0000034 45
73656483721006429839700000000.0 0.0000033 46
84625800578334712403500000000.0 0.0000032 47
93440361998634092345100000000.0 0.0000031 48
99160803081597875977400000000.0 0.0000032 49
101143884241458948561000000000.0 0.0000031 50
99160803081597875977400000000.0 0.0000032 51
93440361998634092345100000000.0 0.0000032 52
84625800578334712403500000000.0 0.0000033 53
73656483721006429839700000000.0 0.0000034 54
61604356029726578875400000000.0 0.0000034 55
49504244425121629352700000000.0 0.0000034 56
38214488148195617008600000000.0 0.0000032 57
28332023964893441123300000000.0 0.0000032 58
20169044270704799079400000000.0 0.0000032 59
13782556098004879009100000000.0 0.0000032 60
9038018690517579444880000000.0 0.0000033 61
5685399702368341586140000000.0 0.0000033 62
3429418789651494174910000000.0 0.0000032 63
1982715792764164211650000000.0 0.0000031 64
1098170141290420577060000000.0 0.0000031 65
582392420604906456293000000.0 0.0000032 66
295558802039720366267000000.0 0.0000031 67
143441642668523798783000000.0 0.0000032 68
66528066812386004460000000.0 0.0000033 69
29464561071296323830600000.0 0.0000032 70
12450798204743459963100000.0 0.0000032 71
5015337704770845738430000.0 0.0000031 72
1923872702697683685000000.0 0.0000030 73
702026044976445297020000.0 0.0000030 74
243396572718360186346000.0 0.0000030 75
80074610420004310958500.0 0.0000029 76
24961732140000676651100.0 0.0000031 77
7361620683249800872880.0 0.0000031 78
2050413589017766910870.0 0.0000031 79
538333246453206826822.0 0.0000030 80
132949224567040271463.0 0.0000032 81
30812426435948129795.1 0.0000031 82
6683950551769320049.1 0.0000031 83
1353102448033217524.6 0.0000030 84
254787080179762181.0 0.0000031 85
44456730078454758.7 0.0000032 86
7157151421710755.6 0.0000031 87
1057859535047318.1 0.0000030 88
142721233909716.9 0.0000030 89
17456732683020.6 0.0000030 90
1920077810813.9 0.0000030 91
188049051369.3 0.0000029 92
16200151497.8 0.0000030 93
1208773062.4 0.0000029 94
76554502.2 0.0000030 95
4003742.3 0.0000028 96
166242.3 0.0000028 97
5159.0 0.0000029 98
108.4 0.0000028 99
100
