325.3 0.0000030 1
46743.1 0.0000030 2
4580143.1 0.0000030 3
337741804.3 0.0000030 4
19911609373.6 0.0000031 5
976281759549.0 0.0000031 6
40922790002200.0 0.0000031 7
1496573913977391.8 0.0000031 8
48499468585766718.1 0.0000031 9
1410031190140539055.5 0.0000031 10
37145460926130423445.5 0.0000031 11
894023253552637230247.0 0.0000031 12
19795503015728152798700.0 0.0000032 13
405622558688958183591000.0 0.0000032 14
7730811095356429184260000.0 0.0000034 15
137657428306282547724000000.0 0.0000032 16
2298986991195468499050000000.0 0.0000032 17
36135383188897606572400000000.0 0.0000032 18
536195095480190450269000000000.0 0.0000033 19
7531897592130391020850000000000.0 0.0000033 20
100405489397519335041000000000000.0 0.0000033 21
1273095923145979440740000000000000.0 0.0000033 22
15385338198091498809600000000000000.0 0.0000033 23
177545838005929090347000000000000000.0 0.0000032 24
1959836030664324398360000000000000000.0 0.0000033 25
20726400872521129254300000000000000000.0 0.0000032 26
210309857472325698488000000000000000000.0 0.0000032 27
2050297426170876319120000000000000000000.0 0.0000031 28
19228424380957883005100000000000000000000.0 0.0000034 29
173680329799496458224000000000000000000000.0 0.0000033 30
1512565856187687382570000000000000000000000.0 0.0000033 31
12713953448581293705600000000000000000000000.0 0.0000032 32
103244686086279923848000000000000000000000000.0 0.0000032 33
810715187520253582367000000000000000000000000.0 0.0000032 34
6161011286981278770380000000000000000000000000.0 0.0000032 35
45348943531536217196900000000000000000000000000.0 0.0000032 36
323550987394908177093000000000000000000000000000.0 0.0000032 37
2239183410492956707810000000000000000000000000000.0 0.0000032 38
15041891876386436573700000000000000000000000000000.0 0.0000032 39
98143222523812357504300000000000000000000000000000.0 0.0000032 40
622340803330499310659000000000000000000000000000000.0 0.0000032 41
3837587365875771178760000000000000000000000000000000.0 0.0000032 42
23024490760715958278500000000000000000000000000000000.0 0.0000032 43
134478204813806451811000000000000000000000000000000000.0 0.0000031 44
765000345729167822530000000000000000000000000000000000.0 0.0000034 45
4240597530608114237570000000000000000000000000000000000.0 0.0000033 46
22916418200301130066600000000000000000000000000000000000.0 0.0000034 47
120784317329083486039000000000000000000000000000000000000.0 0.0000032 48
621155300001091441382000000000000000000000000000000000000.0 0.0000033 49
3118097691817401957550000000000000000000000000000000000000.0 0.0000033 50
15284313592551959634600000000000000000000000000000000000000.0 0.0000034 51
73186146881184594944600000000000000000000000000000000000000.0 0.0000032 52
342446044114538987761000000000000000000000000000000000000000.0 0.0000033 53
1566330114220984165010000000000000000000000000000000000000000.0 0.0000033 54
7005580545353328460540000000000000000000000000000000000000000.0 0.0000033 55
30648628389093857118800000000000000000000000000000000000000000.0 0.0000032 56
131194396688470272548000000000000000000000000000000000000000000.0 0.0000033 57
549646207073094957576000000000000000000000000000000000000000000.0 0.0000033 58
2254429374602025255790000000000000000000000000000000000000000000.0 0.0000033 59
9055091210002850874540000000000000000000000000000000000000000000.0 0.0000032 60
35625828986102868066800000000000000000000000000000000000000000000.0 0.0000033 61
137328999946220744412000000000000000000000000000000000000000000000.0 0.0000033 62
518788142681660669626000000000000000000000000000000000000000000000.0 0.0000034 63
1921100498465680832060000000000000000000000000000000000000000000000.0 0.0000032 64
6974943339205694863270000000000000000000000000000000000000000000000.0 0.0000032 65
24834580755934974808300000000000000000000000000000000000000000000000.0 0.0000033 66
86734198024321766717900000000000000000000000000000000000000000000000.0 0.0000032 67
297187200927485420655000000000000000000000000000000000000000000000000.0 0.0000033 68
999221931941916438004000000000000000000000000000000000000000000000000.0 0.0000033 69
3297380657420323409100000000000000000000000000000000000000000000000000.0 0.0000033 70
10681493453677986475100000000000000000000000000000000000000000000000000.0 0.0000033 71
33972583770456967682700000000000000000000000000000000000000000000000000.0 0.0000032 72
106104640634191398386000000000000000000000000000000000000000000000000000.0 0.0000032 73
325478662176687298173000000000000000000000000000000000000000000000000000.0 0.0000032 74
980762583315804123349000000000000000000000000000000000000000000000000000.0 0.0000032 75
2903535789405321756440000000000000000000000000000000000000000000000000000.0 0.0000032 76
8446543381629086799290000000000000000000000000000000000000000000000000000.0 0.0000034 77
24148156546271942074100000000000000000000000000000000000000000000000000000.0 0.0000033 78
67858574191276838830700000000000000000000000000000000000000000000000000000.0 0.0000034 79
187457160780634178983000000000000000000000000000000000000000000000000000000.0 0.0000033 80
509137238961328713753000000000000000000000000000000000000000000000000000000.0 0.0000033 81
1359754281033516897650000000000000000000000000000000000000000000000000000000.0 0.0000033 82
3571365373957558769800000000000000000000000000000000000000000000000000000000.0 0.0000034 83
9225933346200807197880000000000000000000000000000000000000000000000000000000.0 0.0000033 84
23444493182144478829800000000000000000000000000000000000000000000000000000000.0 0.0000033 85
58610670960946963944500000000000000000000000000000000000000000000000000000000.0 0.0000033 86
144167434714922004282000000000000000000000000000000000000000000000000000000000.0 0.0000033 87
348947568470170121253000000000000000000000000000000000000000000000000000000000.0 0.0000033 88
831193654170240261320000000000000000000000000000000000000000000000000000000000.0 0.0000034 89
1948670736482864505310000000000000000000000000000000000000000000000000000000000.0 0.0000033 90
4496895251429427996320000000000000000000000000000000000000000000000000000000000.0 0.0000033 91
10215690806782925026500000000000000000000000000000000000000000000000000000000000.0 0.0000033 92
22847818333932200697700000000000000000000000000000000000000000000000000000000000.0 0.0000034 93
50313431429119035694300000000000000000000000000000000000000000000000000000000000.0 0.0000035 94
109099901135220575371000000000000000000000000000000000000000000000000000000000000.0 0.0000034 95
232972082702522870820000000000000000000000000000000000000000000000000000000000000.0 0.0000032 96
489958507214267918672000000000000000000000000000000000000000000000000000000000000.0 0.0000032 97
1014907216165717774680000000000000000000000000000000000000000000000000000000000000.0 0.0000033 98
2070807248071481628410000000000000000000000000000000000000000000000000000000000000.0 0.0000033 99
4162296161018159277030000000000000000000000000000000000000000000000000000000000000.0 0.0000033 100
8242119869431821037190000000000000000000000000000000000000000000000000000000000000.0 0.0000034 101
16080118191846458007500000000000000000000000000000000000000000000000000000000000000.0 0.0000033 102
30911116019576158486400000000000000000000000000000000000000000000000000000000000000.0 0.0000033 103
58552457942664708896900000000000000000000000000000000000000000000000000000000000000.0 0.0000033 104
109297325729756974213000000000000000000000000000000000000000000000000000000000000000.0 0.0000034 105
201064772564842574426000000000000000000000000000000000000000000000000000000000000000.0 0.0000033 106
364545477589661391581000000000000000000000000000000000000000000000000000000000000000.0 0.0000033 107
651453037387051301198000000000000000000000000000000000000000000000000000000000000000.0 0.0000033 108
1147508091636815419590000000000000000000000000000000000000000000000000000000000000000.0 0.0000034 109
1992482049981244419020000000000000000000000000000000000000000000000000000000000000000.0 0.0000034 110
3410539498060643888330000000000000000000000000000000000000000000000000000000000000000.0 0.0000034 111
5755260322760779596900000000000000000000000000000000000000000000000000000000000000000.0 0.0000034 112
9575083018784509112810000000000000000000000000000000000000000000000000000000000000000.0 0.0000033 113
15706431855748751265700000000000000000000000000000000000000000000000000000000000000000.0 0.0000033 114
25403346352274592107400000000000000000000000000000000000000000000000000000000000000000.0 0.0000033 115
40513803643012744974800000000000000000000000000000000000000000000000000000000000000000.0 0.0000034 116
63713782461473737334600000000000000000000000000000000000000000000000000000000000000000.0 0.0000033 117
98810008357410546502800000000000000000000000000000000000000000000000000000000000000000.0 0.0000033 118
151120674709315493109000000000000000000000000000000000000000000000000000000000000000000.0 0.0000034 119
227939603871807257372000000000000000000000000000000000000000000000000000000000000000000.0 0.0000032 120
339082639179819953608000000000000000000000000000000000000000000000000000000000000000000.0 0.0000033 121
497504987922260625797000000000000000000000000000000000000000000000000000000000000000000.0 0.0000033 122
719964474006897661155000000000000000000000000000000000000000000000000000000000000000000.0 0.0000033 123
1027688359094269684300000000000000000000000000000000000000000000000000000000000000000000.0 0.0000033 124
1446981345160269413660000000000000000000000000000000000000000000000000000000000000000000.0 0.0000033 125
2009691179454687456750000000000000000000000000000000000000000000000000000000000000000000.0 0.0000034 126
2753428442824059892410000000000000000000000000000000000000000000000000000000000000000000.0 0.0000034 127
3721421974704545040370000000000000000000000000000000000000000000000000000000000000000000.0 0.0000032 128
4961884983113140237470000000000000000000000000000000000000000000000000000000000000000000.0 0.0000032 129
6526773447359812024180000000000000000000000000000000000000000000000000000000000000000000.0 0.0000032 130
8469841793950899003350000000000000000000000000000000000000000000000000000000000000000000.0 0.0000033 131
10843943684240521782000000000000000000000000000000000000000000000000000000000000000000000.0 0.0000032 132
13697588741742802810300000000000000000000000000000000000000000000000000000000000000000000.0 0.0000033 133
17070847016206890095600000000000000000000000000000000000000000000000000000000000000000000.0 0.0000033 134
20990786462091130500600000000000000000000000000000000000000000000000000000000000000000000.0 0.0000033 135
25466725824418345614300000000000000000000000000000000000000000000000000000000000000000000.0 0.0000031 136
30485674270698464414700000000000000000000000000000000000000000000000000000000000000000000.0 0.0000032 137
36008396269351863311000000000000000000000000000000000000000000000000000000000000000000000.0 0.0000032 138
41966571880747290540300000000000000000000000000000000000000000000000000000000000000000000.0 0.0000033 139
48261507119070032815600000000000000000000000000000000000000000000000000000000000000000000.0 0.0000032 140
54764778973742951647300000000000000000000000000000000000000000000000000000000000000000000.0 0.0000034 141
61321073939938565031100000000000000000000000000000000000000000000000000000000000000000000.0 0.0000034 142
67753303982937620866600000000000000000000000000000000000000000000000000000000000000000000.0 0.0000034 143
73869874101729405068300000000000000000000000000000000000000000000000000000000000000000000.0 0.0000033 144
79473752297474065813400000000000000000000000000000000000000000000000000000000000000000000.0 0.0000033 145
84372781652806960075200000000000000000000000000000000000000000000000000000000000000000000.0 0.0000033 146
88390502571630137920600000000000000000000000000000000000000000000000000000000000000000000.0 0.0000034 147
91376645624071570261500000000000000000000000000000000000000000000000000000000000000000000.0 0.0000033 148
93216430045324159992600000000000000000000000000000000000000000000000000000000000000000000.0 0.0000033 149
93837868278159300219600000000000000000000000000000000000000000000000000000000000000000000.0 0.0000033 150
93216430045324159992600000000000000000000000000000000000000000000000000000000000000000000.0 0.0000033 151
91376645624071570261500000000000000000000000000000000000000000000000000000000000000000000.0 0.0000033 152
88390502571630137920600000000000000000000000000000000000000000000000000000000000000000000.0 0.0000033 153
84372781652806960075200000000000000000000000000000000000000000000000000000000000000000000.0 0.0000033 154
79473752297474065813400000000000000000000000000000000000000000000000000000000000000000000.0 0.0000033 155
73869874101729405068300000000000000000000000000000000000000000000000000000000000000000000.0 0.0000033 156
67753303982937620866600000000000000000000000000000000000000000000000000000000000000000000.0 0.0000034 157
61321073939938565031100000000000000000000000000000000000000000000000000000000000000000000.0 0.0000033 158
54764778973742951647300000000000000000000000000000000000000000000000000000000000000000000.0 0.0000035 159
48261507119070032815600000000000000000000000000000000000000000000000000000000000000000000.0 0.0000033 160
41966571880747290540300000000000000000000000000000000000000000000000000000000000000000000.0 0.0000033 161
36008396269351863311000000000000000000000000000000000000000000000000000000000000000000000.0 0.0000033 162
30485674270698464414700000000000000000000000000000000000000000000000000000000000000000000.0 0.0000032 163
25466725824418345614300000000000000000000000000000000000000000000000000000000000000000000.0 0.0000032 164
20990786462091130500600000000000000000000000000000000000000000000000000000000000000000000.0 0.0000035 165
17070847016206890095600000000000000000000000000000000000000000000000000000000000000000000.0 0.0000033 166
13697588741742802810300000000000000000000000000000000000000000000000000000000000000000000.0 0.0000033 167
10843943684240521782000000000000000000000000000000000000000000000000000000000000000000000.0 0.0000032 168
8469841793950899003350000000000000000000000000000000000000000000000000000000000000000000.0 0.0000033 169
6526773447359812024180000000000000000000000000000000000000000000000000000000000000000000.0 0.0000032 170
4961884983113140237470000000000000000000000000000000000000000000000000000000000000000000.0 0.0000032 171
3721421974704545040370000000000000000000000000000000000000000000000000000000000000000000.0 0.0000033 172
2753428442824059892410000000000000000000000000000000000000000000000000000000000000000000.0 0.0000033 173
2009691179454687456750000000000000000000000000000000000000000000000000000000000000000000.0 0.0000034 174
1446981345160269413660000000000000000000000000000000000000000000000000000000000000000000.0 0.0000035 175
1027688359094269684300000000000000000000000000000000000000000000000000000000000000000000.0 0.0000033 176
719964474006897661155000000000000000000000000000000000000000000000000000000000000000000.0 0.0000033 177
497504987922260625797000000000000000000000000000000000000000000000000000000000000000000.0 0.0000033 178
339082639179819953608000000000000000000000000000000000000000000000000000000000000000000.0 0.0000033 179
227939603871807257372000000000000000000000000000000000000000000000000000000000000000000.0 0.0000033 180
151120674709315493109000000000000000000000000000000000000000000000000000000000000000000.0 0.0000033 181
98810008357410546502800000000000000000000000000000000000000000000000000000000000000000.0 0.0000033 182
63713782461473737334600000000000000000000000000000000000000000000000000000000000000000.0 0.0000033 183
40513803643012744974800000000000000000000000000000000000000000000000000000000000000000.0 0.0000032 184
25403346352274592107400000000000000000000000000000000000000000000000000000000000000000.0 0.0000033 185
15706431855748751265700000000000000000000000000000000000000000000000000000000000000000.0 0.0000033 186
9575083018784509112810000000000000000000000000000000000000000000000000000000000000000.0 0.0000033 187
5755260322760779596900000000000000000000000000000000000000000000000000000000000000000.0 0.0000033 188
3410539498060643888330000000000000000000000000000000000000000000000000000000000000000.0 0.0000033 189
1992482049981244419020000000000000000000000000000000000000000000000000000000000000000.0 0.0000033 190
1147508091636815419590000000000000000000000000000000000000000000000000000000000000000.0 0.0000034 191
651453037387051301198000000000000000000000000000000000000000000000000000000000000000.0 0.0000032 192
364545477589661391581000000000000000000000000000000000000000000000000000000000000000.0 0.0000033 193
201064772564842574426000000000000000000000000000000000000000000000000000000000000000.0 0.0000032 194
109297325729756974213000000000000000000000000000000000000000000000000000000000000000.0 0.0000033 195
58552457942664708896900000000000000000000000000000000000000000000000000000000000000.0 0.0000033 196
30911116019576158486400000000000000000000000000000000000000000000000000000000000000.0 0.0000033 197
16080118191846458007500000000000000000000000000000000000000000000000000000000000000.0 0.0000032 198
8242119869431821037190000000000000000000000000000000000000000000000000000000000000.0 0.0000033 199
4162296161018159277030000000000000000000000000000000000000000000000000000000000000.0 0.0000033 200
2070807248071481628410000000000000000000000000000000000000000000000000000000000000.0 0.0000033 201
1014907216165717774680000000000000000000000000000000000000000000000000000000000000.0 0.0000033 202
489958507214267918672000000000000000000000000000000000000000000000000000000000000.0 0.0000033 203
232972082702522870820000000000000000000000000000000000000000000000000000000000000.0 0.0000032 204
109099901135220575371000000000000000000000000000000000000000000000000000000000000.0 0.0000034 205
50313431429119035694300000000000000000000000000000000000000000000000000000000000.0 0.0000033 206
22847818333932200697700000000000000000000000000000000000000000000000000000000000.0 0.0000034 207
10215690806782925026500000000000000000000000000000000000000000000000000000000000.0 0.0000032 208
4496895251429427996320000000000000000000000000000000000000000000000000000000000.0 0.0000034 209
1948670736482864505310000000000000000000000000000000000000000000000000000000000.0 0.0000033 210
831193654170240261320000000000000000000000000000000000000000000000000000000000.0 0.0000034 211
348947568470170121253000000000000000000000000000000000000000000000000000000000.0 0.0000033 212
144167434714922004282000000000000000000000000000000000000000000000000000000000.0 0.0000033 213
58610670960946963944500000000000000000000000000000000000000000000000000000000.0 0.0000033 214
23444493182144478829800000000000000000000000000000000000000000000000000000000.0 0.0000033 215
9225933346200807197880000000000000000000000000000000000000000000000000000000.0 0.0000032 216
3571365373957558769800000000000000000000000000000000000000000000000000000000.0 0.0000033 217
1359754281033516897650000000000000000000000000000000000000000000000000000000.0 0.0000034 218
509137238961328713753000000000000000000000000000000000000000000000000000000.0 0.0000033 219
187457160780634178983000000000000000000000000000000000000000000000000000000.0 0.0000033 220
67858574191276838830700000000000000000000000000000000000000000000000000000.0 0.0000034 221
24148156546271942074100000000000000000000000000000000000000000000000000000.0 0.0000033 222
8446543381629086799290000000000000000000000000000000000000000000000000000.0 0.0000034 223
2903535789405321756440000000000000000000000000000000000000000000000000000.0 0.0000032 224
980762583315804123349000000000000000000000000000000000000000000000000000.0 0.0000032 225
325478662176687298173000000000000000000000000000000000000000000000000000.0 0.0000032 226
106104640634191398386000000000000000000000000000000000000000000000000000.0 0.0000033 227
33972583770456967682700000000000000000000000000000000000000000000000000.0 0.0000032 228
10681493453677986475100000000000000000000000000000000000000000000000000.0 0.0000033 229
3297380657420323409100000000000000000000000000000000000000000000000000.0 0.0000035 230
999221931941916438004000000000000000000000000000000000000000000000000.0 0.0000033 231
297187200927485420655000000000000000000000000000000000000000000000000.0 0.0000032 232
86734198024321766717900000000000000000000000000000000000000000000000.0 0.0000032 233
24834580755934974808300000000000000000000000000000000000000000000000.0 0.0000033 234
6974943339205694863270000000000000000000000000000000000000000000000.0 0.0000033 235
1921100498465680832060000000000000000000000000000000000000000000000.0 0.0000032 236
518788142681660669626000000000000000000000000000000000000000000000.0 0.0000034 237
137328999946220744412000000000000000000000000000000000000000000000.0 0.0000034 238
35625828986102868066800000000000000000000000000000000000000000000.0 0.0000034 239
9055091210002850874540000000000000000000000000000000000000000000.0 0.0000033 240
2254429374602025255790000000000000000000000000000000000000000000.0 0.0000034 241
549646207073094957576000000000000000000000000000000000000000000.0 0.0000032 242
131194396688470272548000000000000000000000000000000000000000000.0 0.0000034 243
30648628389093857118800000000000000000000000000000000000000000.0 0.0000032 244
7005580545353328460540000000000000000000000000000000000000000.0 0.0000033 245
1566330114220984165010000000000000000000000000000000000000000.0 0.0000033 246
342446044114538987761000000000000000000000000000000000000000.0 0.0000034 247
73186146881184594944600000000000000000000000000000000000000.0 0.0000033 248
15284313592551959634600000000000000000000000000000000000000.0 0.0000034 249
3118097691817401957550000000000000000000000000000000000000.0 0.0000034 250
621155300001091441382000000000000000000000000000000000000.0 0.0000033 251
120784317329083486039000000000000000000000000000000000000.0 0.0000032 252
22916418200301130066600000000000000000000000000000000000.0 0.0000034 253
4240597530608114237570000000000000000000000000000000000.0 0.0000034 254
765000345729167822530000000000000000000000000000000000.0 0.0000034 255
134478204813806451811000000000000000000000000000000000.0 0.0000032 256
23024490760715958278500000000000000000000000000000000.0 0.0000032 257
3837587365875771178760000000000000000000000000000000.0 0.0000032 258
622340803330499310659000000000000000000000000000000.0 0.0000032 259
98143222523812357504300000000000000000000000000000.0 0.0000032 260
15041891876386436573700000000000000000000000000000.0 0.0000033 261
2239183410492956707810000000000000000000000000000.0 0.0000033 262
323550987394908177093000000000000000000000000000.0 0.0000032 263
45348943531536217196900000000000000000000000000.0 0.0000032 264
6161011286981278770380000000000000000000000000.0 0.0000032 265
810715187520253582367000000000000000000000000.0 0.0000032 266
103244686086279923848000000000000000000000000.0 0.0000032 267
12713953448581293705600000000000000000000000.0 0.0000032 268
1512565856187687382570000000000000000000000.0 0.0000033 269
173680329799496458224000000000000000000000.0 0.0000032 270
19228424380957883005100000000000000000000.0 0.0000033 271
2050297426170876319120000000000000000000.0 0.0000032 272
210309857472325698488000000000000000000.0 0.0000032 273
20726400872521129254300000000000000000.0 0.0000032 274
1959836030664324398360000000000000000.0 0.0000032 275
177545838005929090347000000000000000.0 0.0000032 276
15385338198091498809600000000000000.0 0.0000033 277
1273095923145979440740000000000000.0 0.0000033 278
100405489397519335041000000000000.0 0.0000033 279
7531897592130391020850000000000.0 0.0000032 280
536195095480190450269000000000.0 0.0000033 281
36135383188897606572400000000.0 0.0000032 282
2298986991195468499050000000.0 0.0000032 283
137657428306282547724000000.0 0.0000032 284
7730811095356429184260000.0 0.0000032 285
405622558688958183591000.0 0.0000033 286
19795503015728152798700.0 0.0000033 287
894023253552637230247.0 0.0000032 288
37145460926130423445.5 0.0000031 289
1410031190140539055.5 0.0000031 290
48499468585766718.1 0.0000031 291
1496573913977391.8 0.0000031 292
40922790002200.0 0.0000031 293
976281759549.0 0.0000031 294
19911609373.6 0.0000033 295
337741804.3 0.0000031 296
4580143.1 0.0000030 297
46743.1 0.0000030 298
325.3 0.0000030 299
300
