542.2 0.0000032 1
130015.4 0.0000032 2
21289695.5 0.0000032 3
2627089675.5 0.0000032 4
259529147736.5 0.0000034 5
21351965829599.4 0.0000033 6
1503859530977139.2 0.0000033 7
92537813488157857.5 0.0000033 8
5052892024600950601.9 0.0000032 9
247867725741490223952.0 0.0000032 10
11033030421531968464200.0 0.0000032 11
449312614965983734986000.0 0.0000032 12
16857508515152387207900000.0 0.0000034 13
586132391565812291873000000.0 0.0000033 14
18983165289920682491300000000.0 0.0000033 15
575227718803368109686000000000.0 0.0000033 16
16372062486281800665100000000000.0 0.0000033 17
439197582909817625524000000000000.0 0.0000032 18
11139039485219981058200000000000000.0 0.0000033 19
267835269521418055724000000000000000.0 0.0000032 20
6120736973184149720200000000000000000.0 0.0000033 21
133241154964951414913000000000000000000.0 0.0000033 22
2768643881398220080990000000000000000000.0 0.0000035 23
55018512281613002561000000000000000000000.0 0.0000033 24
1047407400826880518920000000000000000000000.0 0.0000033 25
19132881884060267469300000000000000000000000.0 0.0000033 26
335848630940556592082000000000000000000000000.0 0.0000033 27
5672819799209119550140000000000000000000000000.0 0.0000032 28
92320593275013902658100000000000000000000000000.0 0.0000034 29
1449295047989450592960000000000000000000000000000.0 0.0000033 30
21971222668504021278300000000000000000000000000000.0 0.0000033 31
321988807292630573359000000000000000000000000000000.0 0.0000032 32
4566028158434312332490000000000000000000000000000000.0 0.0000033 33
62711106275592757943700000000000000000000000000000000.0 0.0000033 34
834895444311667416083000000000000000000000000000000000.0 0.0000033 35
10783357168855226653900000000000000000000000000000000000.0 0.0000033 36
135220720810167599503000000000000000000000000000000000000.0 0.0000034 37
1647460731114517020630000000000000000000000000000000000000.0 0.0000034 38
19514983621746242647800000000000000000000000000000000000000.0 0.0000034 39
224898261276869481564000000000000000000000000000000000000000.0 0.0000034 40
2523121578102885694620000000000000000000000000000000000000000.0 0.0000034 41
27572791025535425075000000000000000000000000000000000000000000.0 0.0000035 42
293668852559984247015000000000000000000000000000000000000000000.0 0.0000034 43
3050018376848960311300000000000000000000000000000000000000000000.0 0.0000033 44
30905564598054839020800000000000000000000000000000000000000000000.0 0.0000033 45
305684163024108417590000000000000000000000000000000000000000000000.0 0.0000034 46
2952666326751777040170000000000000000000000000000000000000000000000.0 0.0000034 47
27864770542602433284600000000000000000000000000000000000000000000000.0 0.0000033 48
257029290073801165206000000000000000000000000000000000000000000000000.0 0.0000033 49
2318326295667237384830000000000000000000000000000000000000000000000000.0 0.0000033 50
20455160238668588105600000000000000000000000000000000000000000000000000.0 0.0000034 51
176616964780773095442000000000000000000000000000000000000000000000000000.0 0.0000034 52
1492868693980902509610000000000000000000000000000000000000000000000000000.0 0.0000035 53
12357280663988973391200000000000000000000000000000000000000000000000000000.0 0.0000035 54
100203542875925716879000000000000000000000000000000000000000000000000000000.0 0.0000035 55
796239089048901256514000000000000000000000000000000000000000000000000000000.0 0.0000035 56
6202124142746366807910000000000000000000000000000000000000000000000000000000.0 0.0000035 57
47370222604765582520500000000000000000000000000000000000000000000000000000000.0 0.0000034 58
354866737038688115341000000000000000000000000000000000000000000000000000000000.0 0.0000034 59
2608210239859751089800000000000000000000000000000000000000000000000000000000000.0 0.0000034 60
18812899541506259591800000000000000000000000000000000000000000000000000000000000.0 0.0000036 61
133204588828445156438000000000000000000000000000000000000000000000000000000000000.0 0.0000034 62
926069692213398576446000000000000000000000000000000000000000000000000000000000000.0 0.0000034 63
6323191697017361603270000000000000000000000000000000000000000000000000000000000000.0 0.0000034 64
42413193330781949376800000000000000000000000000000000000000000000000000000000000000.0 0.0000034 65
279536194967844764849000000000000000000000000000000000000000000000000000000000000000.0 0.0000033 66
1810693674852875115480000000000000000000000000000000000000000000000000000000000000000.0 0.0000034 67
11529652504647402038500000000000000000000000000000000000000000000000000000000000000000.0 0.0000033 68
72184400740229272926400000000000000000000000000000000000000000000000000000000000000000.0 0.0000034 69
444442199268581919501000000000000000000000000000000000000000000000000000000000000000000.0 0.0000034 70
2691648277646021573070000000000000000000000000000000000000000000000000000000000000000000.0 0.0000034 71
16037483500863110213200000000000000000000000000000000000000000000000000000000000000000000.0 0.0000033 72
94026537567683560398300000000000000000000000000000000000000000000000000000000000000000000.0 0.0000034 73
542550413399912444669000000000000000000000000000000000000000000000000000000000000000000000.0 0.0000033 74
3081641496136483656080000000000000000000000000000000000000000000000000000000000000000000000.0 0.0000033 75
17232619662725131654300000000000000000000000000000000000000000000000000000000000000000000000.0 0.0000034 76
94890001128554987600200000000000000000000000000000000000000000000000000000000000000000000000.0 0.0000035 77
514588875725202262609000000000000000000000000000000000000000000000000000000000000000000000000.0 0.0000034 78
2748780641908791822820000000000000000000000000000000000000000000000000000000000000000000000000.0 0.0000033 79
14465274213114596642200000000000000000000000000000000000000000000000000000000000000000000000000.0 0.0000033 80
75004196515840427442800000000000000000000000000000000000000000000000000000000000000000000000000.0 0.0000034 81
383248524487551575772000000000000000000000000000000000000000000000000000000000000000000000000000.0 0.0000033 82
1930072269704307378900000000000000000000000000000000000000000000000000000000000000000000000000000.0 0.0000033 83
9581320278340979791040000000000000000000000000000000000000000000000000000000000000000000000000000.0 0.0000033 84
46891584008241968872600000000000000000000000000000000000000000000000000000000000000000000000000000.0 0.0000034 85
226276685628188600243000000000000000000000000000000000000000000000000000000000000000000000000000000.0 0.0000034 86
1076753449994972664260000000000000000000000000000000000000000000000000000000000000000000000000000000.0 0.0000034 87
5053347185270441588310000000000000000000000000000000000000000000000000000000000000000000000000000000.0 0.0000034 88
23392785537540208056700000000000000000000000000000000000000000000000000000000000000000000000000000000.0 0.0000035 89
106825995410519299030000000000000000000000000000000000000000000000000000000000000000000000000000000000.0 0.0000034 90
481299277359210124863000000000000000000000000000000000000000000000000000000000000000000000000000000000.0 0.0000034 91
2139668949503542493370000000000000000000000000000000000000000000000000000000000000000000000000000000000.0 0.0000034 92
9386848031969635939480000000000000000000000000000000000000000000000000000000000000000000000000000000000.0 0.0000034 93
40642687848594024785800000000000000000000000000000000000000000000000000000000000000000000000000000000000.0 0.0000035 94
173692480500311019818000000000000000000000000000000000000000000000000000000000000000000000000000000000000.0 0.0000035 95
732758829827895171793000000000000000000000000000000000000000000000000000000000000000000000000000000000000.0 0.0000032 96
3051877006081417916290000000000000000000000000000000000000000000000000000000000000000000000000000000000000.0 0.0000032 97
12549962085784313049600000000000000000000000000000000000000000000000000000000000000000000000000000000000000.0 0.0000033 98
50960040741739470442100000000000000000000000000000000000000000000000000000000000000000000000000000000000000.0 0.0000033 99
204348149448955280792000000000000000000000000000000000000000000000000000000000000000000000000000000000000000.0 0.0000034 100
809293347045230202577000000000000000000000000000000000000000000000000000000000000000000000000000000000000000.0 0.0000034 101
3165741205275598952210000000000000000000000000000000000000000000000000000000000000000000000000000000000000000.0 0.0000033 102
12232579323600426841500000000000000000000000000000000000000000000000000000000000000000000000000000000000000000.0 0.0000035 103
46695180640363133222600000000000000000000000000000000000000000000000000000000000000000000000000000000000000000.0 0.0000035 104
176106288331713238441000000000000000000000000000000000000000000000000000000000000000000000000000000000000000000.0 0.0000034 105
656240569013367196960000000000000000000000000000000000000000000000000000000000000000000000000000000000000000000.0 0.0000033 106
2416420781785573049540000000000000000000000000000000000000000000000000000000000000000000000000000000000000000000.0 0.0000034 107
8793028081650801171610000000000000000000000000000000000000000000000000000000000000000000000000000000000000000000.0 0.0000034 108
31622426441778084012000000000000000000000000000000000000000000000000000000000000000000000000000000000000000000000.0 0.0000034 109
112402632375865664302000000000000000000000000000000000000000000000000000000000000000000000000000000000000000000000.0 0.0000034 110
394925689380882149244000000000000000000000000000000000000000000000000000000000000000000000000000000000000000000000.0 0.0000034 111
1371653109153306356220000000000000000000000000000000000000000000000000000000000000000000000000000000000000000000000.0 0.0000034 112
4709718561707173904960000000000000000000000000000000000000000000000000000000000000000000000000000000000000000000000.0 0.0000035 113
15988160609941868943900000000000000000000000000000000000000000000000000000000000000000000000000000000000000000000000.0 0.0000034 114
53664297634468078218100000000000000000000000000000000000000000000000000000000000000000000000000000000000000000000000.0 0.0000034 115
178108941131705287250000000000000000000000000000000000000000000000000000000000000000000000000000000000000000000000000.0 0.0000034 116
584559420575087334744000000000000000000000000000000000000000000000000000000000000000000000000000000000000000000000000.0 0.0000035 117
1897330798579604668280000000000000000000000000000000000000000000000000000000000000000000000000000000000000000000000000.0 0.0000036 118
6090558645566117140090000000000000000000000000000000000000000000000000000000000000000000000000000000000000000000000000.0 0.0000036 119
19337421983768844877500000000000000000000000000000000000000000000000000000000000000000000000000000000000000000000000000.0 0.0000035 120
60728780438739423008700000000000000000000000000000000000000000000000000000000000000000000000000000000000000000000000000.0 0.0000035 121
188656485625083698624000000000000000000000000000000000000000000000000000000000000000000000000000000000000000000000000000.0 0.0000035 122
579770709356233207068000000000000000000000000000000000000000000000000000000000000000000000000000000000000000000000000000.0 0.0000035 123
1762681384665446978980000000000000000000000000000000000000000000000000000000000000000000000000000000000000000000000000000.0 0.0000036 124
5302120232812685874760000000000000000000000000000000000000000000000000000000000000000000000000000000000000000000000000000.0 0.0000036 125
15780045624699611118100000000000000000000000000000000000000000000000000000000000000000000000000000000000000000000000000000.0 0.0000035 126
46470156338560604963200000000000000000000000000000000000000000000000000000000000000000000000000000000000000000000000000000.0 0.0000035 127
135416327099384068568000000000000000000000000000000000000000000000000000000000000000000000000000000000000000000000000000000.0 0.0000034 128
390501161754214982952000000000000000000000000000000000000000000000000000000000000000000000000000000000000000000000000000000.0 0.0000034 129
1114425377315063083700000000000000000000000000000000000000000000000000000000000000000000000000000000000000000000000000000000.0 0.0000033 130
3147600180136399497400000000000000000000000000000000000000000000000000000000000000000000000000000000000000000000000000000000.0 0.0000034 131
8798936227068263732000000000000000000000000000000000000000000000000000000000000000000000000000000000000000000000000000000000.0 0.0000034 132
24345828268512564739800000000000000000000000000000000000000000000000000000000000000000000000000000000000000000000000000000000.0 0.0000035 133
66678229399705953570200000000000000000000000000000000000000000000000000000000000000000000000000000000000000000000000000000000.0 0.0000035 134
180771368622095735439000000000000000000000000000000000000000000000000000000000000000000000000000000000000000000000000000000000.0 0.0000035 135
485156554809044413841000000000000000000000000000000000000000000000000000000000000000000000000000000000000000000000000000000000.0 0.0000034 136
1289024142235846604510000000000000000000000000000000000000000000000000000000000000000000000000000000000000000000000000000000000.0 0.0000034 137
3390681144321798194650000000000000000000000000000000000000000000000000000000000000000000000000000000000000000000000000000000000.0 0.0000034 138
8830374277801815407240000000000000000000000000000000000000000000000000000000000000000000000000000000000000000000000000000000000.0 0.0000034 139
22769667910818106593300000000000000000000000000000000000000000000000000000000000000000000000000000000000000000000000000000000000.0 0.0000034 140
58135114391474236757300000000000000000000000000000000000000000000000000000000000000000000000000000000000000000000000000000000000.0 0.0000035 141
146974878412557330937000000000000000000000000000000000000000000000000000000000000000000000000000000000000000000000000000000000000.0 0.0000035 142
367949824106057686330000000000000000000000000000000000000000000000000000000000000000000000000000000000000000000000000000000000000.0 0.0000035 143
912205845482067397243000000000000000000000000000000000000000000000000000000000000000000000000000000000000000000000000000000000000.0 0.0000034 144
2239615165892236105320000000000000000000000000000000000000000000000000000000000000000000000000000000000000000000000000000000000000.0 0.0000034 145
5445621790745226553660000000000000000000000000000000000000000000000000000000000000000000000000000000000000000000000000000000000000.0 0.0000033 146
13113904179564497602300000000000000000000000000000000000000000000000000000000000000000000000000000000000000000000000000000000000000.0 0.0000034 147
31278334787618333267200000000000000000000000000000000000000000000000000000000000000000000000000000000000000000000000000000000000000.0 0.0000034 148
73892212519316093221900000000000000000000000000000000000000000000000000000000000000000000000000000000000000000000000000000000000000.0 0.0000035 149
172907249890863077227000000000000000000000000000000000000000000000000000000000000000000000000000000000000000000000000000000000000000.0 0.0000034 150
400777192680223141629000000000000000000000000000000000000000000000000000000000000000000000000000000000000000000000000000000000000000.0 0.0000035 151
920202818289424315288000000000000000000000000000000000000000000000000000000000000000000000000000000000000000000000000000000000000000.0 0.0000035 152
2093004276321480678810000000000000000000000000000000000000000000000000000000000000000000000000000000000000000000000000000000000000000.0 0.0000034 153
4716041683993219096290000000000000000000000000000000000000000000000000000000000000000000000000000000000000000000000000000000000000000.0 0.0000034 154
10527392678544916367100000000000000000000000000000000000000000000000000000000000000000000000000000000000000000000000000000000000000000.0 0.0000034 155
23281669918849844373100000000000000000000000000000000000000000000000000000000000000000000000000000000000000000000000000000000000000000.0 0.0000034 156
51011929035457010037800000000000000000000000000000000000000000000000000000000000000000000000000000000000000000000000000000000000000000.0 0.0000035 157
110740793098018333694000000000000000000000000000000000000000000000000000000000000000000000000000000000000000000000000000000000000000000.0 0.0000034 158
238196557682135443030000000000000000000000000000000000000000000000000000000000000000000000000000000000000000000000000000000000000000000.0 0.0000034 159
507655115531723336477000000000000000000000000000000000000000000000000000000000000000000000000000000000000000000000000000000000000000000.0 0.0000032 160
1072064010606364078870000000000000000000000000000000000000000000000000000000000000000000000000000000000000000000000000000000000000000000.0 0.0000034 161
2243387671233712653710000000000000000000000000000000000000000000000000000000000000000000000000000000000000000000000000000000000000000000.0 0.0000034 162
4651921439650425398550000000000000000000000000000000000000000000000000000000000000000000000000000000000000000000000000000000000000000000.0 0.0000034 163
9559108486907571639300000000000000000000000000000000000000000000000000000000000000000000000000000000000000000000000000000000000000000000.0 0.0000034 164
19465775384016296231500000000000000000000000000000000000000000000000000000000000000000000000000000000000000000000000000000000000000000000.0 0.0000035 165
39283251628852355382700000000000000000000000000000000000000000000000000000000000000000000000000000000000000000000000000000000000000000000.0 0.0000035 166
78566325951086176546000000000000000000000000000000000000000000000000000000000000000000000000000000000000000000000000000000000000000000000.0 0.0000035 167
155729336625454702588000000000000000000000000000000000000000000000000000000000000000000000000000000000000000000000000000000000000000000000.0 0.0000034 168
305929155125151355771000000000000000000000000000000000000000000000000000000000000000000000000000000000000000000000000000000000000000000000.0 0.0000034 169
595660787549884122195000000000000000000000000000000000000000000000000000000000000000000000000000000000000000000000000000000000000000000000.0 0.0000034 170
1149518405144384342700000000000000000000000000000000000000000000000000000000000000000000000000000000000000000000000000000000000000000000000.0 0.0000034 171
2198783580319481782180000000000000000000000000000000000000000000000000000000000000000000000000000000000000000000000000000000000000000000000.0 0.0000035 172
4168783554516597542590000000000000000000000000000000000000000000000000000000000000000000000000000000000000000000000000000000000000000000000.0 0.0000036 173
7834422495212806523020000000000000000000000000000000000000000000000000000000000000000000000000000000000000000000000000000000000000000000000.0 0.0000034 174
14594381443609454648700000000000000000000000000000000000000000000000000000000000000000000000000000000000000000000000000000000000000000000000.0 0.0000034 175
26949800509408475862700000000000000000000000000000000000000000000000000000000000000000000000000000000000000000000000000000000000000000000000.0 0.0000034 176
49331745538118953235000000000000000000000000000000000000000000000000000000000000000000000000000000000000000000000000000000000000000000000000.0 0.0000035 177
89517552978413544997300000000000000000000000000000000000000000000000000000000000000000000000000000000000000000000000000000000000000000000000.0 0.0000035 178
161031284409140247645000000000000000000000000000000000000000000000000000000000000000000000000000000000000000000000000000000000000000000000000.0 0.0000034 179
287171947433720042541000000000000000000000000000000000000000000000000000000000000000000000000000000000000000000000000000000000000000000000000.0 0.0000036 180
507706426235867569443000000000000000000000000000000000000000000000000000000000000000000000000000000000000000000000000000000000000000000000000.0 0.0000035 181
889879523689707369620000000000000000000000000000000000000000000000000000000000000000000000000000000000000000000000000000000000000000000000000.0 0.0000035 182
1546345434062214185370000000000000000000000000000000000000000000000000000000000000000000000000000000000000000000000000000000000000000000000000.0 0.0000036 183
2664079876304216627530000000000000000000000000000000000000000000000000000000000000000000000000000000000000000000000000000000000000000000000000.0 0.0000036 184
4550529106866214589670000000000000000000000000000000000000000000000000000000000000000000000000000000000000000000000000000000000000000000000000.0 0.0000036 185
7706529058796346271500000000000000000000000000000000000000000000000000000000000000000000000000000000000000000000000000000000000000000000000000.0 0.0000034 186
12940354965839749242200000000000000000000000000000000000000000000000000000000000000000000000000000000000000000000000000000000000000000000000000.0 0.0000035 187
21544281700928457916600000000000000000000000000000000000000000000000000000000000000000000000000000000000000000000000000000000000000000000000000.0 0.0000035 188
35565110576121108623700000000000000000000000000000000000000000000000000000000000000000000000000000000000000000000000000000000000000000000000000.0 0.0000035 189
58214385694761109966100000000000000000000000000000000000000000000000000000000000000000000000000000000000000000000000000000000000000000000000000.0 0.0000035 190
94483946726586393291500000000000000000000000000000000000000000000000000000000000000000000000000000000000000000000000000000000000000000000000000.0 0.0000035 191
152059889368162443878000000000000000000000000000000000000000000000000000000000000000000000000000000000000000000000000000000000000000000000000000.0 0.0000034 192
242665191076983928841000000000000000000000000000000000000000000000000000000000000000000000000000000000000000000000000000000000000000000000000000.0 0.0000035 193
384010896589326361578000000000000000000000000000000000000000000000000000000000000000000000000000000000000000000000000000000000000000000000000000.0 0.0000034 194
602600925274270363920000000000000000000000000000000000000000000000000000000000000000000000000000000000000000000000000000000000000000000000000000.0 0.0000034 195
937719625821094259383000000000000000000000000000000000000000000000000000000000000000000000000000000000000000000000000000000000000000000000000000.0 0.0000034 196
1447037608690290591020000000000000000000000000000000000000000000000000000000000000000000000000000000000000000000000000000000000000000000000000000.0 0.0000034 197
2214403323274792276750000000000000000000000000000000000000000000000000000000000000000000000000000000000000000000000000000000000000000000000000000.0 0.0000034 198
3360547750387998122130000000000000000000000000000000000000000000000000000000000000000000000000000000000000000000000000000000000000000000000000000.0 0.0000035 199
5057618442120519415660000000000000000000000000000000000000000000000000000000000000000000000000000000000000000000000000000000000000000000000000000.0 0.0000034 200
7548675606721165470200000000000000000000000000000000000000000000000000000000000000000000000000000000000000000000000000000000000000000000000000000.0 0.0000033 201
11173522202327690953700000000000000000000000000000000000000000000000000000000000000000000000000000000000000000000000000000000000000000000000000000.0 0.0000034 202
16402492535485763147400000000000000000000000000000000000000000000000000000000000000000000000000000000000000000000000000000000000000000000000000000.0 0.0000034 203
23880074009229480621100000000000000000000000000000000000000000000000000000000000000000000000000000000000000000000000000000000000000000000000000000.0 0.0000034 204
34480461304267919755600000000000000000000000000000000000000000000000000000000000000000000000000000000000000000000000000000000000000000000000000000.0 0.0000035 205
49377309641147983234700000000000000000000000000000000000000000000000000000000000000000000000000000000000000000000000000000000000000000000000000000.0 0.0000034 206
70130022745796759203400000000000000000000000000000000000000000000000000000000000000000000000000000000000000000000000000000000000000000000000000000.0 0.0000035 207
98788831292181138686500000000000000000000000000000000000000000000000000000000000000000000000000000000000000000000000000000000000000000000000000000.0 0.0000033 208
138020630290373769636000000000000000000000000000000000000000000000000000000000000000000000000000000000000000000000000000000000000000000000000000000.0 0.0000033 209
191256984842416560094000000000000000000000000000000000000000000000000000000000000000000000000000000000000000000000000000000000000000000000000000000.0 0.0000034 210
262864817260839942100000000000000000000000000000000000000000000000000000000000000000000000000000000000000000000000000000000000000000000000000000000.0 0.0000034 211
358338993985124535411000000000000000000000000000000000000000000000000000000000000000000000000000000000000000000000000000000000000000000000000000000.0 0.0000034 212
484514290429506542645000000000000000000000000000000000000000000000000000000000000000000000000000000000000000000000000000000000000000000000000000000.0 0.0000034 213
649792001433472680236000000000000000000000000000000000000000000000000000000000000000000000000000000000000000000000000000000000000000000000000000000.0 0.0000034 214
864373794482644035592000000000000000000000000000000000000000000000000000000000000000000000000000000000000000000000000000000000000000000000000000000.0 0.0000035 215
1140492328738166899740000000000000000000000000000000000000000000000000000000000000000000000000000000000000000000000000000000000000000000000000000000.0 0.0000036 216
1492624798791698239380000000000000000000000000000000000000000000000000000000000000000000000000000000000000000000000000000000000000000000000000000000.0 0.0000034 217
1937672087284033663320000000000000000000000000000000000000000000000000000000000000000000000000000000000000000000000000000000000000000000000000000000.0 0.0000034 218
2495082874305173595670000000000000000000000000000000000000000000000000000000000000000000000000000000000000000000000000000000000000000000000000000000.0 0.0000035 219
3186899170881558411900000000000000000000000000000000000000000000000000000000000000000000000000000000000000000000000000000000000000000000000000000000.0 0.0000034 220
4037697693658320210220000000000000000000000000000000000000000000000000000000000000000000000000000000000000000000000000000000000000000000000000000000.0 0.0000035 221
5074400691211619914590000000000000000000000000000000000000000000000000000000000000000000000000000000000000000000000000000000000000000000000000000000.0 0.0000034 222
6325930691275948563130000000000000000000000000000000000000000000000000000000000000000000000000000000000000000000000000000000000000000000000000000000.0 0.0000034 223
7822686554520670700330000000000000000000000000000000000000000000000000000000000000000000000000000000000000000000000000000000000000000000000000000000.0 0.0000033 224
9595823509716775830520000000000000000000000000000000000000000000000000000000000000000000000000000000000000000000000000000000000000000000000000000000.0 0.0000033 225
11676327694897385616000000000000000000000000000000000000000000000000000000000000000000000000000000000000000000000000000000000000000000000000000000000.0 0.0000034 226
14093886148664898976800000000000000000000000000000000000000000000000000000000000000000000000000000000000000000000000000000000000000000000000000000000.0 0.0000033 227
16875565971172104990100000000000000000000000000000000000000000000000000000000000000000000000000000000000000000000000000000000000000000000000000000000.0 0.0000034 228
20044331036274827008300000000000000000000000000000000000000000000000000000000000000000000000000000000000000000000000000000000000000000000000000000000.0 0.0000035 229
23617440447592809104400000000000000000000000000000000000000000000000000000000000000000000000000000000000000000000000000000000000000000000000000000000.0 0.0000035 230
27604788898490998856200000000000000000000000000000000000000000000000000000000000000000000000000000000000000000000000000000000000000000000000000000000.0 0.0000035 231
32007264011406466718000000000000000000000000000000000000000000000000000000000000000000000000000000000000000000000000000000000000000000000000000000000.0 0.0000036 232
36815208244602139296400000000000000000000000000000000000000000000000000000000000000000000000000000000000000000000000000000000000000000000000000000000.0 0.0000035 233
42007081670555134183200000000000000000000000000000000000000000000000000000000000000000000000000000000000000000000000000000000000000000000000000000000.0 0.0000034 234
47548425535952467297800000000000000000000000000000000000000000000000000000000000000000000000000000000000000000000000000000000000000000000000000000000.0 0.0000035 235
53391223910802482221200000000000000000000000000000000000000000000000000000000000000000000000000000000000000000000000000000000000000000000000000000000.0 0.0000034 236
59473751178111892049200000000000000000000000000000000000000000000000000000000000000000000000000000000000000000000000000000000000000000000000000000000.0 0.0000035 237
65720976335283060785200000000000000000000000000000000000000000000000000000000000000000000000000000000000000000000000000000000000000000000000000000000.0 0.0000034 238
72045571370379309316700000000000000000000000000000000000000000000000000000000000000000000000000000000000000000000000000000000000000000000000000000000.0 0.0000035 239
78349541252821621756000000000000000000000000000000000000000000000000000000000000000000000000000000000000000000000000000000000000000000000000000000000.0 0.0000036 240
84526458860027424275000000000000000000000000000000000000000000000000000000000000000000000000000000000000000000000000000000000000000000000000000000000.0 0.0000034 241
90464251511243119811400000000000000000000000000000000000000000000000000000000000000000000000000000000000000000000000000000000000000000000000000000000.0 0.0000033 242
96048449171966153555000000000000000000000000000000000000000000000000000000000000000000000000000000000000000000000000000000000000000000000000000000000.0 0.0000035 243
101165770531295010376000000000000000000000000000000000000000000000000000000000000000000000000000000000000000000000000000000000000000000000000000000000.0 0.0000034 244
105707894752259026977000000000000000000000000000000000000000000000000000000000000000000000000000000000000000000000000000000000000000000000000000000000.0 0.0000035 245
109575246229295965687000000000000000000000000000000000000000000000000000000000000000000000000000000000000000000000000000000000000000000000000000000000.0 0.0000035 246
112680609163098507346000000000000000000000000000000000000000000000000000000000000000000000000000000000000000000000000000000000000000000000000000000000.0 0.0000035 247
114952389506110921275000000000000000000000000000000000000000000000000000000000000000000000000000000000000000000000000000000000000000000000000000000000.0 0.0000034 248
116337354331295991291000000000000000000000000000000000000000000000000000000000000000000000000000000000000000000000000000000000000000000000000000000000.0 0.0000035 249
116802702502709727582000000000000000000000000000000000000000000000000000000000000000000000000000000000000000000000000000000000000000000000000000000000.0 0.0000035 250
116337354331295991291000000000000000000000000000000000000000000000000000000000000000000000000000000000000000000000000000000000000000000000000000000000.0 0.0000035 251
114952389506110921275000000000000000000000000000000000000000000000000000000000000000000000000000000000000000000000000000000000000000000000000000000000.0 0.0000035 252
112680609163098507346000000000000000000000000000000000000000000000000000000000000000000000000000000000000000000000000000000000000000000000000000000000.0 0.0000035 253
109575246229295965687000000000000000000000000000000000000000000000000000000000000000000000000000000000000000000000000000000000000000000000000000000000.0 0.0000034 254
105707894752259026977000000000000000000000000000000000000000000000000000000000000000000000000000000000000000000000000000000000000000000000000000000000.0 0.0000036 255
101165770531295010376000000000000000000000000000000000000000000000000000000000000000000000000000000000000000000000000000000000000000000000000000000000.0 0.0000034 256
96048449171966153555000000000000000000000000000000000000000000000000000000000000000000000000000000000000000000000000000000000000000000000000000000000.0 0.0000034 257
90464251511243119811400000000000000000000000000000000000000000000000000000000000000000000000000000000000000000000000000000000000000000000000000000000.0 0.0000034 258
84526458860027424275000000000000000000000000000000000000000000000000000000000000000000000000000000000000000000000000000000000000000000000000000000000.0 0.0000035 259
78349541252821621756000000000000000000000000000000000000000000000000000000000000000000000000000000000000000000000000000000000000000000000000000000000.0 0.0000034 260
72045571370379309316700000000000000000000000000000000000000000000000000000000000000000000000000000000000000000000000000000000000000000000000000000000.0 0.0000035 261
65720976335283060785200000000000000000000000000000000000000000000000000000000000000000000000000000000000000000000000000000000000000000000000000000000.0 0.0000034 262
59473751178111892049200000000000000000000000000000000000000000000000000000000000000000000000000000000000000000000000000000000000000000000000000000000.0 0.0000035 263
53391223910802482221200000000000000000000000000000000000000000000000000000000000000000000000000000000000000000000000000000000000000000000000000000000.0 0.0000034 264
47548425535952467297800000000000000000000000000000000000000000000000000000000000000000000000000000000000000000000000000000000000000000000000000000000.0 0.0000034 265
42007081670555134183200000000000000000000000000000000000000000000000000000000000000000000000000000000000000000000000000000000000000000000000000000000.0 0.0000033 266
36815208244602139296400000000000000000000000000000000000000000000000000000000000000000000000000000000000000000000000000000000000000000000000000000000.0 0.0000035 267
32007264011406466718000000000000000000000000000000000000000000000000000000000000000000000000000000000000000000000000000000000000000000000000000000000.0 0.0000033 268
27604788898490998856200000000000000000000000000000000000000000000000000000000000000000000000000000000000000000000000000000000000000000000000000000000.0 0.0000035 269
23617440447592809104400000000000000000000000000000000000000000000000000000000000000000000000000000000000000000000000000000000000000000000000000000000.0 0.0000035 270
20044331036274827008300000000000000000000000000000000000000000000000000000000000000000000000000000000000000000000000000000000000000000000000000000000.0 0.0000035 271
16875565971172104990100000000000000000000000000000000000000000000000000000000000000000000000000000000000000000000000000000000000000000000000000000000.0 0.0000033 272
14093886148664898976800000000000000000000000000000000000000000000000000000000000000000000000000000000000000000000000000000000000000000000000000000000.0 0.0000034 273
11676327694897385616000000000000000000000000000000000000000000000000000000000000000000000000000000000000000000000000000000000000000000000000000000000.0 0.0000033 274
9595823509716775830520000000000000000000000000000000000000000000000000000000000000000000000000000000000000000000000000000000000000000000000000000000.0 0.0000033 275
7822686554520670700330000000000000000000000000000000000000000000000000000000000000000000000000000000000000000000000000000000000000000000000000000000.0 0.0000034 276
6325930691275948563130000000000000000000000000000000000000000000000000000000000000000000000000000000000000000000000000000000000000000000000000000000.0 0.0000034 277
5074400691211619914590000000000000000000000000000000000000000000000000000000000000000000000000000000000000000000000000000000000000000000000000000000.0 0.0000034 278
4037697693658320210220000000000000000000000000000000000000000000000000000000000000000000000000000000000000000000000000000000000000000000000000000000.0 0.0000035 279
3186899170881558411900000000000000000000000000000000000000000000000000000000000000000000000000000000000000000000000000000000000000000000000000000000.0 0.0000034 280
2495082874305173595670000000000000000000000000000000000000000000000000000000000000000000000000000000000000000000000000000000000000000000000000000000.0 0.0000035 281
1937672087284033663320000000000000000000000000000000000000000000000000000000000000000000000000000000000000000000000000000000000000000000000000000000.0 0.0000035 282
1492624798791698239380000000000000000000000000000000000000000000000000000000000000000000000000000000000000000000000000000000000000000000000000000000.0 0.0000035 283
1140492328738166899740000000000000000000000000000000000000000000000000000000000000000000000000000000000000000000000000000000000000000000000000000000.0 0.0000036 284
864373794482644035592000000000000000000000000000000000000000000000000000000000000000000000000000000000000000000000000000000000000000000000000000000.0 0.0000036 285
649792001433472680236000000000000000000000000000000000000000000000000000000000000000000000000000000000000000000000000000000000000000000000000000000.0 0.0000035 286
484514290429506542645000000000000000000000000000000000000000000000000000000000000000000000000000000000000000000000000000000000000000000000000000000.0 0.0000035 287
358338993985124535411000000000000000000000000000000000000000000000000000000000000000000000000000000000000000000000000000000000000000000000000000000.0 0.0000034 288
262864817260839942100000000000000000000000000000000000000000000000000000000000000000000000000000000000000000000000000000000000000000000000000000000.0 0.0000035 289
191256984842416560094000000000000000000000000000000000000000000000000000000000000000000000000000000000000000000000000000000000000000000000000000000.0 0.0000035 290
138020630290373769636000000000000000000000000000000000000000000000000000000000000000000000000000000000000000000000000000000000000000000000000000000.0 0.0000034 291
98788831292181138686500000000000000000000000000000000000000000000000000000000000000000000000000000000000000000000000000000000000000000000000000000.0 0.0000035 292
70130022745796759203400000000000000000000000000000000000000000000000000000000000000000000000000000000000000000000000000000000000000000000000000000.0 0.0000035 293
49377309641147983234700000000000000000000000000000000000000000000000000000000000000000000000000000000000000000000000000000000000000000000000000000.0 0.0000034 294
34480461304267919755600000000000000000000000000000000000000000000000000000000000000000000000000000000000000000000000000000000000000000000000000000.0 0.0000035 295
23880074009229480621100000000000000000000000000000000000000000000000000000000000000000000000000000000000000000000000000000000000000000000000000000.0 0.0000034 296
16402492535485763147400000000000000000000000000000000000000000000000000000000000000000000000000000000000000000000000000000000000000000000000000000.0 0.0000034 297
11173522202327690953700000000000000000000000000000000000000000000000000000000000000000000000000000000000000000000000000000000000000000000000000000.0 0.0000034 298
7548675606721165470200000000000000000000000000000000000000000000000000000000000000000000000000000000000000000000000000000000000000000000000000000.0 0.0000034 299
5057618442120519415660000000000000000000000000000000000000000000000000000000000000000000000000000000000000000000000000000000000000000000000000000.0 0.0000034 300
3360547750387998122130000000000000000000000000000000000000000000000000000000000000000000000000000000000000000000000000000000000000000000000000000.0 0.0000036 301
2214403323274792276750000000000000000000000000000000000000000000000000000000000000000000000000000000000000000000000000000000000000000000000000000.0 0.0000034 302
1447037608690290591020000000000000000000000000000000000000000000000000000000000000000000000000000000000000000000000000000000000000000000000000000.0 0.0000036 303
937719625821094259383000000000000000000000000000000000000000000000000000000000000000000000000000000000000000000000000000000000000000000000000000.0 0.0000034 304
602600925274270363920000000000000000000000000000000000000000000000000000000000000000000000000000000000000000000000000000000000000000000000000000.0 0.0000034 305
384010896589326361578000000000000000000000000000000000000000000000000000000000000000000000000000000000000000000000000000000000000000000000000000.0 0.0000035 306
242665191076983928841000000000000000000000000000000000000000000000000000000000000000000000000000000000000000000000000000000000000000000000000000.0 0.0000035 307
152059889368162443878000000000000000000000000000000000000000000000000000000000000000000000000000000000000000000000000000000000000000000000000000.0 0.0000034 308
94483946726586393291500000000000000000000000000000000000000000000000000000000000000000000000000000000000000000000000000000000000000000000000000.0 0.0000036 309
58214385694761109966100000000000000000000000000000000000000000000000000000000000000000000000000000000000000000000000000000000000000000000000000.0 0.0000035 310
35565110576121108623700000000000000000000000000000000000000000000000000000000000000000000000000000000000000000000000000000000000000000000000000.0 0.0000035 311
21544281700928457916600000000000000000000000000000000000000000000000000000000000000000000000000000000000000000000000000000000000000000000000000.0 0.0000035 312
12940354965839749242200000000000000000000000000000000000000000000000000000000000000000000000000000000000000000000000000000000000000000000000000.0 0.0000034 313
7706529058796346271500000000000000000000000000000000000000000000000000000000000000000000000000000000000000000000000000000000000000000000000000.0 0.0000034 314
4550529106866214589670000000000000000000000000000000000000000000000000000000000000000000000000000000000000000000000000000000000000000000000000.0 0.0000035 315
2664079876304216627530000000000000000000000000000000000000000000000000000000000000000000000000000000000000000000000000000000000000000000000000.0 0.0000035 316
1546345434062214185370000000000000000000000000000000000000000000000000000000000000000000000000000000000000000000000000000000000000000000000000.0 0.0000035 317
889879523689707369620000000000000000000000000000000000000000000000000000000000000000000000000000000000000000000000000000000000000000000000000.0 0.0000035 318
507706426235867569443000000000000000000000000000000000000000000000000000000000000000000000000000000000000000000000000000000000000000000000000.0 0.0000035 319
287171947433720042541000000000000000000000000000000000000000000000000000000000000000000000000000000000000000000000000000000000000000000000000.0 0.0000034 320
161031284409140247645000000000000000000000000000000000000000000000000000000000000000000000000000000000000000000000000000000000000000000000000.0 0.0000034 321
89517552978413544997300000000000000000000000000000000000000000000000000000000000000000000000000000000000000000000000000000000000000000000000.0 0.0000034 322
49331745538118953235000000000000000000000000000000000000000000000000000000000000000000000000000000000000000000000000000000000000000000000000.0 0.0000034 323
26949800509408475862700000000000000000000000000000000000000000000000000000000000000000000000000000000000000000000000000000000000000000000000.0 0.0000033 324
14594381443609454648700000000000000000000000000000000000000000000000000000000000000000000000000000000000000000000000000000000000000000000000.0 0.0000034 325
7834422495212806523020000000000000000000000000000000000000000000000000000000000000000000000000000000000000000000000000000000000000000000000.0 0.0000034 326
4168783554516597542590000000000000000000000000000000000000000000000000000000000000000000000000000000000000000000000000000000000000000000000.0 0.0000034 327
2198783580319481782180000000000000000000000000000000000000000000000000000000000000000000000000000000000000000000000000000000000000000000000.0 0.0000034 328
1149518405144384342700000000000000000000000000000000000000000000000000000000000000000000000000000000000000000000000000000000000000000000000.0 0.0000034 329
595660787549884122195000000000000000000000000000000000000000000000000000000000000000000000000000000000000000000000000000000000000000000000.0 0.0000033 330
305929155125151355771000000000000000000000000000000000000000000000000000000000000000000000000000000000000000000000000000000000000000000000.0 0.0000034 331
155729336625454702588000000000000000000000000000000000000000000000000000000000000000000000000000000000000000000000000000000000000000000000.0 0.0000034 332
78566325951086176546000000000000000000000000000000000000000000000000000000000000000000000000000000000000000000000000000000000000000000000.0 0.0000034 333
39283251628852355382700000000000000000000000000000000000000000000000000000000000000000000000000000000000000000000000000000000000000000000.0 0.0000034 334
19465775384016296231500000000000000000000000000000000000000000000000000000000000000000000000000000000000000000000000000000000000000000000.0 0.0000034 335
9559108486907571639300000000000000000000000000000000000000000000000000000000000000000000000000000000000000000000000000000000000000000000.0 0.0000034 336
4651921439650425398550000000000000000000000000000000000000000000000000000000000000000000000000000000000000000000000000000000000000000000.0 0.0000033 337
2243387671233712653710000000000000000000000000000000000000000000000000000000000000000000000000000000000000000000000000000000000000000000.0 0.0000033 338
1072064010606364078870000000000000000000000000000000000000000000000000000000000000000000000000000000000000000000000000000000000000000000.0 0.0000034 339
507655115531723336477000000000000000000000000000000000000000000000000000000000000000000000000000000000000000000000000000000000000000000.0 0.0000034 340
238196557682135443030000000000000000000000000000000000000000000000000000000000000000000000000000000000000000000000000000000000000000000.0 0.0000035 341
110740793098018333694000000000000000000000000000000000000000000000000000000000000000000000000000000000000000000000000000000000000000000.0 0.0000035 342
51011929035457010037800000000000000000000000000000000000000000000000000000000000000000000000000000000000000000000000000000000000000000.0 0.0000035 343
23281669918849844373100000000000000000000000000000000000000000000000000000000000000000000000000000000000000000000000000000000000000000.0 0.0000034 344
10527392678544916367100000000000000000000000000000000000000000000000000000000000000000000000000000000000000000000000000000000000000000.0 0.0000034 345
4716041683993219096290000000000000000000000000000000000000000000000000000000000000000000000000000000000000000000000000000000000000000.0 0.0000035 346
2093004276321480678810000000000000000000000000000000000000000000000000000000000000000000000000000000000000000000000000000000000000000.0 0.0000034 347
920202818289424315288000000000000000000000000000000000000000000000000000000000000000000000000000000000000000000000000000000000000000.0 0.0000035 348
400777192680223141629000000000000000000000000000000000000000000000000000000000000000000000000000000000000000000000000000000000000000.0 0.0000035 349
172907249890863077227000000000000000000000000000000000000000000000000000000000000000000000000000000000000000000000000000000000000000.0 0.0000035 350
73892212519316093221900000000000000000000000000000000000000000000000000000000000000000000000000000000000000000000000000000000000000.0 0.0000035 351
31278334787618333267200000000000000000000000000000000000000000000000000000000000000000000000000000000000000000000000000000000000000.0 0.0000034 352
13113904179564497602300000000000000000000000000000000000000000000000000000000000000000000000000000000000000000000000000000000000000.0 0.0000034 353
5445621790745226553660000000000000000000000000000000000000000000000000000000000000000000000000000000000000000000000000000000000000.0 0.0000034 354
2239615165892236105320000000000000000000000000000000000000000000000000000000000000000000000000000000000000000000000000000000000000.0 0.0000035 355
912205845482067397243000000000000000000000000000000000000000000000000000000000000000000000000000000000000000000000000000000000000.0 0.0000035 356
367949824106057686330000000000000000000000000000000000000000000000000000000000000000000000000000000000000000000000000000000000000.0 0.0000035 357
146974878412557330937000000000000000000000000000000000000000000000000000000000000000000000000000000000000000000000000000000000000.0 0.0000034 358
58135114391474236757300000000000000000000000000000000000000000000000000000000000000000000000000000000000000000000000000000000000.0 0.0000036 359
22769667910818106593300000000000000000000000000000000000000000000000000000000000000000000000000000000000000000000000000000000000.0 0.0000035 360
8830374277801815407240000000000000000000000000000000000000000000000000000000000000000000000000000000000000000000000000000000000.0 0.0000036 361
3390681144321798194650000000000000000000000000000000000000000000000000000000000000000000000000000000000000000000000000000000000.0 0.0000034 362
1289024142235846604510000000000000000000000000000000000000000000000000000000000000000000000000000000000000000000000000000000000.0 0.0000035 363
485156554809044413841000000000000000000000000000000000000000000000000000000000000000000000000000000000000000000000000000000000.0 0.0000034 364
180771368622095735439000000000000000000000000000000000000000000000000000000000000000000000000000000000000000000000000000000000.0 0.0000035 365
66678229399705953570200000000000000000000000000000000000000000000000000000000000000000000000000000000000000000000000000000000.0 0.0000034 366
24345828268512564739800000000000000000000000000000000000000000000000000000000000000000000000000000000000000000000000000000000.0 0.0000036 367
8798936227068263732000000000000000000000000000000000000000000000000000000000000000000000000000000000000000000000000000000000.0 0.0000034 368
3147600180136399497400000000000000000000000000000000000000000000000000000000000000000000000000000000000000000000000000000000.0 0.0000034 369
1114425377315063083700000000000000000000000000000000000000000000000000000000000000000000000000000000000000000000000000000000.0 0.0000033 370
390501161754214982952000000000000000000000000000000000000000000000000000000000000000000000000000000000000000000000000000000.0 0.0000033 371
135416327099384068568000000000000000000000000000000000000000000000000000000000000000000000000000000000000000000000000000000.0 0.0000034 372
46470156338560604963200000000000000000000000000000000000000000000000000000000000000000000000000000000000000000000000000000.0 0.0000035 373
15780045624699611118100000000000000000000000000000000000000000000000000000000000000000000000000000000000000000000000000000.0 0.0000034 374
5302120232812685874760000000000000000000000000000000000000000000000000000000000000000000000000000000000000000000000000000.0 0.0000035 375
1762681384665446978980000000000000000000000000000000000000000000000000000000000000000000000000000000000000000000000000000.0 0.0000035 376
579770709356233207068000000000000000000000000000000000000000000000000000000000000000000000000000000000000000000000000000.0 0.0000035 377
188656485625083698624000000000000000000000000000000000000000000000000000000000000000000000000000000000000000000000000000.0 0.0000035 378
60728780438739423008700000000000000000000000000000000000000000000000000000000000000000000000000000000000000000000000000.0 0.0000034 379
19337421983768844877500000000000000000000000000000000000000000000000000000000000000000000000000000000000000000000000000.0 0.0000034 380
6090558645566117140090000000000000000000000000000000000000000000000000000000000000000000000000000000000000000000000000.0 0.0000035 381
1897330798579604668280000000000000000000000000000000000000000000000000000000000000000000000000000000000000000000000000.0 0.0000035 382
584559420575087334744000000000000000000000000000000000000000000000000000000000000000000000000000000000000000000000000.0 0.0000035 383
178108941131705287250000000000000000000000000000000000000000000000000000000000000000000000000000000000000000000000000.0 0.0000033 384
53664297634468078218100000000000000000000000000000000000000000000000000000000000000000000000000000000000000000000000.0 0.0000034 385
15988160609941868943900000000000000000000000000000000000000000000000000000000000000000000000000000000000000000000000.0 0.0000033 386
4709718561707173904960000000000000000000000000000000000000000000000000000000000000000000000000000000000000000000000.0 0.0000033 387
1371653109153306356220000000000000000000000000000000000000000000000000000000000000000000000000000000000000000000000.0 0.0000033 388
394925689380882149244000000000000000000000000000000000000000000000000000000000000000000000000000000000000000000000.0 0.0000034 389
112402632375865664302000000000000000000000000000000000000000000000000000000000000000000000000000000000000000000000.0 0.0000035 390
31622426441778084012000000000000000000000000000000000000000000000000000000000000000000000000000000000000000000000.0 0.0000034 391
8793028081650801171610000000000000000000000000000000000000000000000000000000000000000000000000000000000000000000.0 0.0000034 392
2416420781785573049540000000000000000000000000000000000000000000000000000000000000000000000000000000000000000000.0 0.0000033 393
656240569013367196960000000000000000000000000000000000000000000000000000000000000000000000000000000000000000000.0 0.0000035 394
176106288331713238441000000000000000000000000000000000000000000000000000000000000000000000000000000000000000000.0 0.0000033 395
46695180640363133222600000000000000000000000000000000000000000000000000000000000000000000000000000000000000000.0 0.0000035 396
12232579323600426841500000000000000000000000000000000000000000000000000000000000000000000000000000000000000000.0 0.0000034 397
3165741205275598952210000000000000000000000000000000000000000000000000000000000000000000000000000000000000000.0 0.0000033 398
809293347045230202577000000000000000000000000000000000000000000000000000000000000000000000000000000000000000.0 0.0000034 399
204348149448955280792000000000000000000000000000000000000000000000000000000000000000000000000000000000000000.0 0.0000034 400
50960040741739470442100000000000000000000000000000000000000000000000000000000000000000000000000000000000000.0 0.0000034 401
12549962085784313049600000000000000000000000000000000000000000000000000000000000000000000000000000000000000.0 0.0000033 402
3051877006081417916290000000000000000000000000000000000000000000000000000000000000000000000000000000000000.0 0.0000033 403
732758829827895171793000000000000000000000000000000000000000000000000000000000000000000000000000000000000.0 0.0000034 404
173692480500311019818000000000000000000000000000000000000000000000000000000000000000000000000000000000000.0 0.0000034 405
40642687848594024785800000000000000000000000000000000000000000000000000000000000000000000000000000000000.0 0.0000034 406
9386848031969635939480000000000000000000000000000000000000000000000000000000000000000000000000000000000.0 0.0000035 407
2139668949503542493370000000000000000000000000000000000000000000000000000000000000000000000000000000000.0 0.0000035 408
481299277359210124863000000000000000000000000000000000000000000000000000000000000000000000000000000000.0 0.0000035 409
106825995410519299030000000000000000000000000000000000000000000000000000000000000000000000000000000000.0 0.0000034 410
23392785537540208056700000000000000000000000000000000000000000000000000000000000000000000000000000000.0 0.0000035 411
5053347185270441588310000000000000000000000000000000000000000000000000000000000000000000000000000000.0 0.0000034 412
1076753449994972664260000000000000000000000000000000000000000000000000000000000000000000000000000000.0 0.0000035 413
226276685628188600243000000000000000000000000000000000000000000000000000000000000000000000000000000.0 0.0000035 414
46891584008241968872600000000000000000000000000000000000000000000000000000000000000000000000000000.0 0.0000035 415
9581320278340979791040000000000000000000000000000000000000000000000000000000000000000000000000000.0 0.0000033 416
1930072269704307378900000000000000000000000000000000000000000000000000000000000000000000000000000.0 0.0000034 417
383248524487551575772000000000000000000000000000000000000000000000000000000000000000000000000000.0 0.0000033 418
75004196515840427442800000000000000000000000000000000000000000000000000000000000000000000000000.0 0.0000033 419
14465274213114596642200000000000000000000000000000000000000000000000000000000000000000000000000.0 0.0000034 420
2748780641908791822820000000000000000000000000000000000000000000000000000000000000000000000000.0 0.0000036 421
514588875725202262609000000000000000000000000000000000000000000000000000000000000000000000000.0 0.0000035 422
94890001128554987600200000000000000000000000000000000000000000000000000000000000000000000000.0 0.0000035 423
17232619662725131654300000000000000000000000000000000000000000000000000000000000000000000000.0 0.0000034 424
3081641496136483656080000000000000000000000000000000000000000000000000000000000000000000000.0 0.0000034 425
542550413399912444669000000000000000000000000000000000000000000000000000000000000000000000.0 0.0000033 426
94026537567683560398300000000000000000000000000000000000000000000000000000000000000000000.0 0.0000034 427
16037483500863110213200000000000000000000000000000000000000000000000000000000000000000000.0 0.0000034 428
2691648277646021573070000000000000000000000000000000000000000000000000000000000000000000.0 0.0000034 429
444442199268581919501000000000000000000000000000000000000000000000000000000000000000000.0 0.0000034 430
72184400740229272926400000000000000000000000000000000000000000000000000000000000000000.0 0.0000034 431
11529652504647402038500000000000000000000000000000000000000000000000000000000000000000.0 0.0000033 432
1810693674852875115480000000000000000000000000000000000000000000000000000000000000000.0 0.0000034 433
279536194967844764849000000000000000000000000000000000000000000000000000000000000000.0 0.0000034 434
42413193330781949376800000000000000000000000000000000000000000000000000000000000000.0 0.0000034 435
6323191697017361603270000000000000000000000000000000000000000000000000000000000000.0 0.0000033 436
926069692213398576446000000000000000000000000000000000000000000000000000000000000.0 0.0000034 437
133204588828445156438000000000000000000000000000000000000000000000000000000000000.0 0.0000034 438
18812899541506259591800000000000000000000000000000000000000000000000000000000000.0 0.0000035 439
2608210239859751089800000000000000000000000000000000000000000000000000000000000.0 0.0000034 440
354866737038688115341000000000000000000000000000000000000000000000000000000000.0 0.0000034 441
47370222604765582520500000000000000000000000000000000000000000000000000000000.0 0.0000033 442
6202124142746366807910000000000000000000000000000000000000000000000000000000.0 0.0000034 443
796239089048901256514000000000000000000000000000000000000000000000000000000.0 0.0000034 444
100203542875925716879000000000000000000000000000000000000000000000000000000.0 0.0000034 445
12357280663988973391200000000000000000000000000000000000000000000000000000.0 0.0000034 446
1492868693980902509610000000000000000000000000000000000000000000000000000.0 0.0000034 447
176616964780773095442000000000000000000000000000000000000000000000000000.0 0.0000033 448
20455160238668588105600000000000000000000000000000000000000000000000000.0 0.0000033 449
2318326295667237384830000000000000000000000000000000000000000000000000.0 0.0000033 450
257029290073801165206000000000000000000000000000000000000000000000000.0 0.0000032 451
27864770542602433284600000000000000000000000000000000000000000000000.0 0.0000033 452
2952666326751777040170000000000000000000000000000000000000000000000.0 0.0000034 453
305684163024108417590000000000000000000000000000000000000000000000.0 0.0000034 454
30905564598054839020800000000000000000000000000000000000000000000.0 0.0000034 455
3050018376848960311300000000000000000000000000000000000000000000.0 0.0000033 456
293668852559984247015000000000000000000000000000000000000000000.0 0.0000034 457
27572791025535425075000000000000000000000000000000000000000000.0 0.0000034 458
2523121578102885694620000000000000000000000000000000000000000.0 0.0000034 459
224898261276869481564000000000000000000000000000000000000000.0 0.0000033 460
19514983621746242647800000000000000000000000000000000000000.0 0.0000034 461
1647460731114517020630000000000000000000000000000000000000.0 0.0000034 462
135220720810167599503000000000000000000000000000000000000.0 0.0000034 463
10783357168855226653900000000000000000000000000000000000.0 0.0000033 464
834895444311667416083000000000000000000000000000000000.0 0.0000033 465
62711106275592757943700000000000000000000000000000000.0 0.0000033 466
4566028158434312332490000000000000000000000000000000.0 0.0000033 467
321988807292630573359000000000000000000000000000000.0 0.0000033 468
21971222668504021278300000000000000000000000000000.0 0.0000035 469
1449295047989450592960000000000000000000000000000.0 0.0000034 470
92320593275013902658100000000000000000000000000.0 0.0000034 471
5672819799209119550140000000000000000000000000.0 0.0000034 472
335848630940556592082000000000000000000000000.0 0.0000034 473
19132881884060267469300000000000000000000000.0 0.0000034 474
1047407400826880518920000000000000000000000.0 0.0000034 475
55018512281613002561000000000000000000000.0 0.0000033 476
2768643881398220080990000000000000000000.0 0.0000034 477
133241154964951414913000000000000000000.0 0.0000035 478
6120736973184149720200000000000000000.0 0.0000034 479
267835269521418055724000000000000000.0 0.0000032 480
11139039485219981058200000000000000.0 0.0000033 481
439197582909817625524000000000000.0 0.0000033 482
16372062486281800665100000000000.0 0.0000033 483
575227718803368109686000000000.0 0.0000033 484
18983165289920682491300000000.0 0.0000033 485
586132391565812291873000000.0 0.0000034 486
16857508515152387207900000.0 0.0000033 487
449312614965983734986000.0 0.0000033 488
11033030421531968464200.0 0.0000032 489
247867725741490223952.0 0.0000033 490
5052892024600950601.9 0.0000032 491
92537813488157857.5 0.0000032 492
1503859530977139.2 0.0000033 493
21351965829599.4 0.0000033 494
259529147736.5 0.0000033 495
2627089675.5 0.0000032 496
21289695.5 0.0000032 497
130015.4 0.0000031 498
542.2 0.0000031 499
500
