1.0 0.0000006 1
499500.0 0.0000010 2
166167000.0 0.0000013 3
41417124750.0 0.0000012 4
8250291250200.0 0.0000017 5
1368173298991500.0 0.0000016 6
194280608456793000.0 0.0000025 7
24115080524699431125.0 0.0000020 8
2658017764500203964000.0 0.0000031 9
263409560461970212831000.0 0.0000023 10
23706860441577319154800000.0 0.0000028 11
1953840414726664053680000000.0 0.0000029 12
148491871519226468080000000000.0 0.0000036 13
10468676942105465999600000000000.0 0.0000035 14
688141030994399298371000000000000.0 0.0000031 15
42363682220592706805300000000000000.0 0.0000033 16
2452109606180189617480000000000000000.0 0.0000035 17
133912430159729244110000000000000000000.0 0.0000035 18
6921158232466006195600000000000000000000.0 0.0000041 19
339482811302457603887000000000000000000000.0 0.0000043 20
15842531194114688181600000000000000000000000.0 0.0000046 21
704992638138103624063000000000000000000000000.0 0.0000054 22
29977513047785449754600000000000000000000000000.0 0.0000043 23
1220334593653599350420000000000000000000000000000.0 0.0000047 24
47641862536236518640600000000000000000000000000000.0 0.0000053 25
1786569845108869449010000000000000000000000000000000.0 0.0000050 26
64448852930964401605000000000000000000000000000000000.0 0.0000053 27
2239597639351012955750000000000000000000000000000000000.0 0.0000055 28
75065134670661537688600000000000000000000000000000000000.0 0.0000053 29
2429608192173745103170000000000000000000000000000000000000.0 0.0000057 30
76023224077694604843200000000000000000000000000000000000000.0 0.0000107 31
2302078254102689752900000000000000000000000000000000000000000.0 0.0000065 32
67527628787012232751500000000000000000000000000000000000000000.0 0.0000066 33
1920565206971789090330000000000000000000000000000000000000000000.0 0.0000074 34
53007599712421378892500000000000000000000000000000000000000000000.0 0.0000185 35
1420898158957961961920000000000000000000000000000000000000000000000.0 0.0000072 36
37020157438796630574900000000000000000000000000000000000000000000000.0 0.0000076 37
938168726672661980131000000000000000000000000000000000000000000000000.0 0.0000074 38
23141495257925662177100000000000000000000000000000000000000000000000000.0 0.0000078 39
555974423571664033802000000000000000000000000000000000000000000000000000.0 0.0000075 40
13017937722653596888900000000000000000000000000000000000000000000000000000.0 0.0000077 41
297242911333923795632000000000000000000000000000000000000000000000000000000.0 0.0000080 42
6622295559486023167750000000000000000000000000000000000000000000000000000000.0 0.0000088 43
144034928418821003893000000000000000000000000000000000000000000000000000000000.0 0.0000087 44
3059942034853175104990000000000000000000000000000000000000000000000000000000000.0 0.0000084 45
63527057462712657072300000000000000000000000000000000000000000000000000000000000.0 0.0000100 46
1289464102541018613730000000000000000000000000000000000000000000000000000000000000.0 0.0000106 47
25601235202533140393100000000000000000000000000000000000000000000000000000000000000.0 0.0000088 48
497395426792072441937000000000000000000000000000000000000000000000000000000000000000.0 0.0000089 49
9460461017585217845090000000000000000000000000000000000000000000000000000000000000000.0 0.0000087 50
176224273856979548105000000000000000000000000000000000000000000000000000000000000000000.0 0.0000109 51
3216092997889876752900000000000000000000000000000000000000000000000000000000000000000000.0 0.0000094 52
57525587962256663429100000000000000000000000000000000000000000000000000000000000000000000.0 0.0000162 53
1008828366671427041980000000000000000000000000000000000000000000000000000000000000000000000.0 0.0000100 54
17351847906748545122500000000000000000000000000000000000000000000000000000000000000000000000.0 0.0000100 55
292812433426381698929000000000000000000000000000000000000000000000000000000000000000000000000.0 0.0000110 56
4849384862359724978840000000000000000000000000000000000000000000000000000000000000000000000000.0 0.0000104 57
78844309055262425087100000000000000000000000000000000000000000000000000000000000000000000000000.0 0.0000114 58
1258836256441647532760000000000000000000000000000000000000000000000000000000000000000000000000000.0 0.0000105 59
19742748621859838804900000000000000000000000000000000000000000000000000000000000000000000000000000.0 0.0000118 60
304232519746692597979000000000000000000000000000000000000000000000000000000000000000000000000000000.0 0.0000112 61
4607650581324908862950000000000000000000000000000000000000000000000000000000000000000000000000000000.0 0.0000119 62
68602797544170865291800000000000000000000000000000000000000000000000000000000000000000000000000000000.0 0.0000161 63
1004387832795126574670000000000000000000000000000000000000000000000000000000000000000000000000000000000.0 0.0000130 64
14463184792249822675500000000000000000000000000000000000000000000000000000000000000000000000000000000000.0 0.0000125 65
204895117890205821221000000000000000000000000000000000000000000000000000000000000000000000000000000000000.0 0.0000120 66
2856299106111227418260000000000000000000000000000000000000000000000000000000000000000000000000000000000000.0 0.0000130 67
39190103911790811490100000000000000000000000000000000000000000000000000000000000000000000000000000000000000.0 0.0000127 68
529350389069406323312000000000000000000000000000000000000000000000000000000000000000000000000000000000000000.0 0.0000126 69
7040360174623104100100000000000000000000000000000000000000000000000000000000000000000000000000000000000000000.0 0.0000130 70
92218802287316715674900000000000000000000000000000000000000000000000000000000000000000000000000000000000000000.0 0.0000140 71
1189878712846072623110000000000000000000000000000000000000000000000000000000000000000000000000000000000000000000.0 0.0000133 72
15126129390700758825400000000000000000000000000000000000000000000000000000000000000000000000000000000000000000000.0 0.0000135 73
189485431691616262574000000000000000000000000000000000000000000000000000000000000000000000000000000000000000000000.0 0.0000137 74
2339513463285822122020000000000000000000000000000000000000000000000000000000000000000000000000000000000000000000000.0 0.0000135 75
28474341493939282406100000000000000000000000000000000000000000000000000000000000000000000000000000000000000000000000.0 0.0000154 76
341692097927271388855000000000000000000000000000000000000000000000000000000000000000000000000000000000000000000000000.0 0.0000156 77
4043356492139378101560000000000000000000000000000000000000000000000000000000000000000000000000000000000000000000000000.0 0.0000147 78
47189552984208944425100000000000000000000000000000000000000000000000000000000000000000000000000000000000000000000000000.0 0.0000151 79
543269728730705472687000000000000000000000000000000000000000000000000000000000000000000000000000000000000000000000000000.0 0.0000151 80
6170470992990728825890000000000000000000000000000000000000000000000000000000000000000000000000000000000000000000000000000.0 0.0000163 81
69154424909249753544000000000000000000000000000000000000000000000000000000000000000000000000000000000000000000000000000000.0 0.0000177 82
764864603213147876560000000000000000000000000000000000000000000000000000000000000000000000000000000000000000000000000000000.0 0.0000152 83
8349771918410197652700000000000000000000000000000000000000000000000000000000000000000000000000000000000000000000000000000000.0 0.0000152 84
89981071497220482939100000000000000000000000000000000000000000000000000000000000000000000000000000000000000000000000000000000.0 0.0000155 85
957356749069264440551000000000000000000000000000000000000000000000000000000000000000000000000000000000000000000000000000000000.0 0.0000160 86
10057747915509283892500000000000000000000000000000000000000000000000000000000000000000000000000000000000000000000000000000000000.0 0.0000166 87
104349134623408820386000000000000000000000000000000000000000000000000000000000000000000000000000000000000000000000000000000000000.0 0.0000323 88
1069285514343245440300000000000000000000000000000000000000000000000000000000000000000000000000000000000000000000000000000000000000.0 0.0000166 89
10823545595185517735200000000000000000000000000000000000000000000000000000000000000000000000000000000000000000000000000000000000000.0 0.0000162 90
108235455951855177349000000000000000000000000000000000000000000000000000000000000000000000000000000000000000000000000000000000000000.0 0.0000167 91
1069413363698221263150000000000000000000000000000000000000000000000000000000000000000000000000000000000000000000000000000000000000000.0 0.0000164 92
10441154131591235558700000000000000000000000000000000000000000000000000000000000000000000000000000000000000000000000000000000000000000.0 0.0000177 93
100746029759077134585000000000000000000000000000000000000000000000000000000000000000000000000000000000000000000000000000000000000000000.0 0.0000172 94
960798978544461936214000000000000000000000000000000000000000000000000000000000000000000000000000000000000000000000000000000000000000000.0 0.0000179 95
9057532037320188044650000000000000000000000000000000000000000000000000000000000000000000000000000000000000000000000000000000000000000000.0 0.0000177 96
84412463523066494764600000000000000000000000000000000000000000000000000000000000000000000000000000000000000000000000000000000000000000000.0 0.0000219 97
777800556748255558891000000000000000000000000000000000000000000000000000000000000000000000000000000000000000000000000000000000000000000000.0 0.0000180 98
7086627294817439536700000000000000000000000000000000000000000000000000000000000000000000000000000000000000000000000000000000000000000000000.0 0.0000185 99
63850511926305130226700000000000000000000000000000000000000000000000000000000000000000000000000000000000000000000000000000000000000000000000.0 0.0000209 100
568964957759154625739000000000000000000000000000000000000000000000000000000000000000000000000000000000000000000000000000000000000000000000000.0 0.0000190 101
5014700951230196162510000000000000000000000000000000000000000000000000000000000000000000000000000000000000000000000000000000000000000000000000.0 0.0000187 102
43720402468006952949700000000000000000000000000000000000000000000000000000000000000000000000000000000000000000000000000000000000000000000000000.0 0.0000192 103
377088471286559969169000000000000000000000000000000000000000000000000000000000000000000000000000000000000000000000000000000000000000000000000000.0 0.0000193 104
3217821621645311736980000000000000000000000000000000000000000000000000000000000000000000000000000000000000000000000000000000000000000000000000000.0 0.0000188 105
27169342937476924572300000000000000000000000000000000000000000000000000000000000000000000000000000000000000000000000000000000000000000000000000000.0 0.0000195 106
227003669029012809038000000000000000000000000000000000000000000000000000000000000000000000000000000000000000000000000000000000000000000000000000000.0 0.0000201 107
1876984041138041097010000000000000000000000000000000000000000000000000000000000000000000000000000000000000000000000000000000000000000000000000000000.0 0.0000199 108
15360273070597547326100000000000000000000000000000000000000000000000000000000000000000000000000000000000000000000000000000000000000000000000000000000.0 0.0000199 109
124418211871840133337000000000000000000000000000000000000000000000000000000000000000000000000000000000000000000000000000000000000000000000000000000000.0 0.0000207 110
997587464557997465501000000000000000000000000000000000000000000000000000000000000000000000000000000000000000000000000000000000000000000000000000000000.0 0.0000205 111
7918350499929104882720000000000000000000000000000000000000000000000000000000000000000000000000000000000000000000000000000000000000000000000000000000000.0 0.0000202 112
62225621627761461377000000000000000000000000000000000000000000000000000000000000000000000000000000000000000000000000000000000000000000000000000000000000.0 0.0000206 113
484159003366880844197000000000000000000000000000000000000000000000000000000000000000000000000000000000000000000000000000000000000000000000000000000000000.0 0.0000211 114
3730129365070055895550000000000000000000000000000000000000000000000000000000000000000000000000000000000000000000000000000000000000000000000000000000000000.0 0.0000224 115
28458314552474133339400000000000000000000000000000000000000000000000000000000000000000000000000000000000000000000000000000000000000000000000000000000000000.0 0.0000213 116
215018376618693451911000000000000000000000000000000000000000000000000000000000000000000000000000000000000000000000000000000000000000000000000000000000000000.0 0.0000213 117
1608993445375477271450000000000000000000000000000000000000000000000000000000000000000000000000000000000000000000000000000000000000000000000000000000000000000.0 0.0000219 118
11925480830430008011300000000000000000000000000000000000000000000000000000000000000000000000000000000000000000000000000000000000000000000000000000000000000000.0 0.0000225 119
87552905096740308815000000000000000000000000000000000000000000000000000000000000000000000000000000000000000000000000000000000000000000000000000000000000000000.0 0.0000221 120
636748400703565882334000000000000000000000000000000000000000000000000000000000000000000000000000000000000000000000000000000000000000000000000000000000000000000.0 0.0000217 121
4587720034577331234060000000000000000000000000000000000000000000000000000000000000000000000000000000000000000000000000000000000000000000000000000000000000000000.0 0.0000226 122
32748115368771518889000000000000000000000000000000000000000000000000000000000000000000000000000000000000000000000000000000000000000000000000000000000000000000000.0 0.0000230 123
231613686922682436020000000000000000000000000000000000000000000000000000000000000000000000000000000000000000000000000000000000000000000000000000000000000000000000.0 0.0000222 124
1623148717954158511640000000000000000000000000000000000000000000000000000000000000000000000000000000000000000000000000000000000000000000000000000000000000000000000.0 0.0000255 125
11271866096903878552000000000000000000000000000000000000000000000000000000000000000000000000000000000000000000000000000000000000000000000000000000000000000000000000.0 0.0000235 126
77571739910976298070900000000000000000000000000000000000000000000000000000000000000000000000000000000000000000000000000000000000000000000000000000000000000000000000.0 0.0000230 127
529063507361580532945000000000000000000000000000000000000000000000000000000000000000000000000000000000000000000000000000000000000000000000000000000000000000000000000.0 0.0000235 128
3576305259064327323430000000000000000000000000000000000000000000000000000000000000000000000000000000000000000000000000000000000000000000000000000000000000000000000000.0 0.0000239 129
23961245235730993067700000000000000000000000000000000000000000000000000000000000000000000000000000000000000000000000000000000000000000000000000000000000000000000000000.0 0.0000239 130
159131934008289801283000000000000000000000000000000000000000000000000000000000000000000000000000000000000000000000000000000000000000000000000000000000000000000000000000.0 0.0000245 131
1047618565554574525050000000000000000000000000000000000000000000000000000000000000000000000000000000000000000000000000000000000000000000000000000000000000000000000000000.0 0.0000241 132
6837089585724591637450000000000000000000000000000000000000000000000000000000000000000000000000000000000000000000000000000000000000000000000000000000000000000000000000000.0 0.0000244 133
44236990080770305593200000000000000000000000000000000000000000000000000000000000000000000000000000000000000000000000000000000000000000000000000000000000000000000000000000.0 0.0000243 134
283772099332941367726000000000000000000000000000000000000000000000000000000000000000000000000000000000000000000000000000000000000000000000000000000000000000000000000000000.0 0.0000251 135
1804874014139663846230000000000000000000000000000000000000000000000000000000000000000000000000000000000000000000000000000000000000000000000000000000000000000000000000000000.0 0.0000241 136
11382563125669120899200000000000000000000000000000000000000000000000000000000000000000000000000000000000000000000000000000000000000000000000000000000000000000000000000000000.0 0.0000249 137
71182260706177183594200000000000000000000000000000000000000000000000000000000000000000000000000000000000000000000000000000000000000000000000000000000000000000000000000000000.0 0.0000250 138
441432436897300232043000000000000000000000000000000000000000000000000000000000000000000000000000000000000000000000000000000000000000000000000000000000000000000000000000000000.0 0.0000255 139
2714809486918396427240000000000000000000000000000000000000000000000000000000000000000000000000000000000000000000000000000000000000000000000000000000000000000000000000000000000.0 0.0000253 140
16558412473402985300600000000000000000000000000000000000000000000000000000000000000000000000000000000000000000000000000000000000000000000000000000000000000000000000000000000000.0 0.0000259 141
100166734610233551923000000000000000000000000000000000000000000000000000000000000000000000000000000000000000000000000000000000000000000000000000000000000000000000000000000000000.0 0.0000261 142
601000407661401311510000000000000000000000000000000000000000000000000000000000000000000000000000000000000000000000000000000000000000000000000000000000000000000000000000000000000.0 0.0000264 143
3576787148373756416640000000000000000000000000000000000000000000000000000000000000000000000000000000000000000000000000000000000000000000000000000000000000000000000000000000000000.0 0.0000267 144
