1.0 0.0000006 1
4950.0 0.0000015 2
161700.0 0.0000020 3
3921225.0 0.0000027 4
75287520.0 0.0000032 5
1192052400.0 0.0000037 6
16007560800.0 0.0000040 7
186087894300.0 0.0000045 8
1902231808400.0 0.0000051 9
17310309456440.0 0.0000059 10
141629804643600.0 0.0000061 11
1050421051106700.0 0.0000067 12
7110542499799200.0 0.0000070 13
44186942677323600.0 0.0000077 14
253338471349988640.0 0.0000082 15
1345860629046814650.0 0.0000092 16
6650134872937201800.0 0.0000090 17
30664510802988208300.0 0.0000095 18
132341572939212267400.0 0.0000100 19
535983370403809682970.0 0.0000105 20
2041841411062132125600.0 0.0000110 21
7332066885177656269200.0 0.0000116 22
24865270306254660391200.0 0.0000121 23
79776075565900368755100.0 0.0000127 24
242519269720337121015504.0 0.0000130 25
699574816500972464467800.0 0.0000135 26
1917353200780443050763600.0 0.0000140 27
4998813702034726525205100.0 0.0000147 28
12410847811948286545336800.0 0.0000151 29
29372339821610944823963760.0 0.0000156 30
66324638306863423796047200.0 0.0000163 31
143012501349174257560226775.0 0.0000172 32
294692427022540894366527900.0 0.0000171 33
580717429720889409486981450.0 0.0000175 34
1095067153187962886461165020.0 0.0000183 35
1977204582144932989443770175.0 0.0000189 36
3420029547493938143902737600.0 0.0000192 37
5670048986634686922786117600.0 0.0000199 38
9013924030034630492634340800.0 0.0000202 39
13746234145802811501267369720.0 0.0000204 40
20116440213369968050635175200.0 0.0000213 41
28258808871162574166368460400.0 0.0000216 42
38116532895986727945334202400.0 0.0000220 43
49378235797073715747364762200.0 0.0000230 44
61448471214136179596720592960.0 0.0000230 45
73470998190814997343905056800.0 0.0000235 46
84413487283064039501507937600.0 0.0000251 47
93206558875049876949581681100.0 0.0000248 48
98913082887808032681188722800.0 0.0000250 49
100891344545564193334812497256.0 0.0000254 50
98913082887808032681188722800.0 0.0000259 51
93206558875049876949581681100.0 0.0000263 52
84413487283064039501507937600.0 0.0000275 53
73470998190814997343905056800.0 0.0000278 54
61448471214136179596720592960.0 0.0000283 55
49378235797073715747364762200.0 0.0000292 56
38116532895986727945334202400.0 0.0000291 57
28258808871162574166368460400.0 0.0000300 58
20116440213369968050635175200.0 0.0000301 59
13746234145802811501267369720.0 0.0000309 60
9013924030034630492634340800.0 0.0000310 61
5670048986634686922786117600.0 0.0000316 62
3420029547493938143902737600.0 0.0000319 63
1977204582144932989443770175.0 0.0000326 64
1095067153187962886461165020.0 0.0000331 65
580717429720889409486981450.0 0.0000341 66
294692427022540894366527900.0 0.0000343 67
143012501349174257560226775.0 0.0000365 68
66324638306863423796047200.0 0.0000355 69
29372339821610944823963760.0 0.0000359 70
12410847811948286545336800.0 0.0000359 71
4998813702034726525205100.0 0.0000367 72
1917353200780443050763600.0 0.0000374 73
699574816500972464467800.0 0.0000375 74
242519269720337121015504.0 0.0000390 75
79776075565900368755100.0 0.0000384 76
24865270306254660391200.0 0.0000391 77
7332066885177656269200.0 0.0000393 78
2041841411062132125600.0 0.0000398 79
535983370403809682970.0 0.0000412 80
132341572939212267400.0 0.0000409 81
30664510802988208300.0 0.0000414 82
6650134872937201800.0 0.0000420 83
1345860629046814650.0 0.0000422 84
253338471349988640.0 0.0000429 85
44186942677323600.0 0.0000434 86
7110542499799200.0 0.0000437 87
1050421051106700.0 0.0000444 88
141629804643600.0 0.0000449 89
17310309456440.0 0.0000453 90
1902231808400.0 0.0000459 91
186087894300.0 0.0000463 92
16007560800.0 0.0000474 93
1192052400.0 0.0000472 94
75287520.0 0.0000483 95
3921225.0 0.0000489 96
161700.0 0.0000497 97
4950.0 0.0000533 98
100.0 0.0000511 99
1.0 0.0000548 100
