1000 0.0001118 1
499500 0.0001131 2
166167000 0.0001171 3
41417124750 0.0001110 4
8250291250200 0.0001106 5
1368173298991500 0.0001137 6
194280608456793000 0.0001133 7
24115080524699431125 0.0001118 8
2658017764500203964000 0.0001145 9
263409560461970212832400 0.0001137 10
23706860441577319154916000 0.0001113 11
1953840414726664053684327000 0.0001148 12
148491871519226468080008852000 0.0001135 13
10468676942105465999640624066000 0.0001121 14
688141030994399298376377021938400 0.0001114 15
42363682220592706806295710413082750 0.0001111 16
2452109606180189617493822296851378000 0.0001121 17
133912430159729244110912628766939143000 0.0001133 18
6921158232466006195627168497322854654000 0.0001106 19
339482811302457603895512614793686020778700 0.0001103 20
15842531194114688181790588690372014303006000 0.0001096 21
704992638138103624089681196721554636483767000 0.0001111 22
29977513047785449754769922191029584107874962000 0.0001097 23
1220334593653599350433758915859829319724743244750 0.0001096 24
47641862536236518640933948075167736642053976275040 0.0001114 25
1786569845108869449035023052818790124077024110314000 0.0001097 26
64448852930964401605930090868351910401889684572068000 0.0001185 27
2239597639351012955806070657675228886465666538879363000 0.0001124 28
75065134670661537691155195836562844056711306061749684000 0.0001226 29
2429608192173745103270389838576750719302222606198631438800 0.0001147 30
76023224077694604844267036884498328958811481548795886956000 0.0001118 31
2302078254102689752940461210658715023784010175649475451886375 0.0001103 32
67527628787012232752920195512655640697664298485717946588667000 0.0001145 33
1920565206971789090355112619433470722195334606932036892683558500 0.0001089 34
53007599712421378893801108296363791932591235151324218238066214600 0.0001084 35
1420898158957961962014390819610862755970848386695218627770386030250 0.0001082 36
37020157438796630577888452705537072885294536345248398842450057653000 0.0001114 37
938168726672661980171225788300847399698385223696689686454721197890500 0.0001087 38
23141495257925662177556902778087569192560168851185012265883122881299000 0.0001106 39
555974423571664033815804589243553849851258056649719919687842027223208475 0.0001113 40
13017937722653596889345668431068577947736774009359295680495813320348296000 0.0001091 41
297242911333923795640059429176065863139989673213703918037987737481286092000 0.0001161 42
6622295559486023167980858910480723183444421091598333801869587267606327352000 0.0001081 43
144034928418821003903583681302955729239916158742263760190663523070437619906000 0.0001161 44
3059942034853175105151688873902792825630218839057870105383873956785296991780800 0.0001112 45
63527057462712657074344845099503633662540412854353607622643470189781709285884000 0.0001134 46
1289464102541018613806914515423967372639650082192624290893656820447909588483688000 0.0001226 47
25601235202533140394958115274980018877616386006866061442117811455976204954686555500 0.0001105 48
497395426792072441959186239628183223907975499561969193732574622573251981976767364000 0.0001093 49
9460461017585217846063722277728044918729694001668654064793569321343252697198115263280 0.0001112 50
176224273856979548112951689487091032799866849050690614932429232456393922790945284316000 0.0001098 51
3216092997889876753061368333139411348597569995175103722516833492329189090934751438767000 0.0001094 52
57525587962256663432116550562569093556047101045773553376338833032605118079361214414172000 0.0001082 53
1008828366671427042041006914495424659214381568339769537914682868182908274465834630559646000 0.0001078 54
17351847906748545123105318929321304138487362975444036052132545332746022320812355645625911200 0.0001116 55
292812433426381698952402256932297007336974250210618108379736702490089126663708501519937251500 0.0001091 56
4849384862359724979141539132352427630282520915768833233517042932467440974921768867277557288000 0.0001074 57
78844309055262425091904679341523090609593400406379478262182266988220635161228069686943733148000 0.0001084 58
1258836256441647532823291659995165277190457342081516415643655855981420988506387146527135536024000 0.0001093 59
19742748621859838806445290867590842097270339314978449118678002674641952503075171748033908989976400 0.0001102 60
304232519746692598000960219926809697892362605837372822484546270723990743490010843330358597550456000 0.0001078 61
4607650581324908863272607201794746876144007852924081940532079809835924324792260998180753598385132000 0.0001099 62
68602797544170865297614373893388453489255228032425220003477632724223762169129219306246775798178632000 0.0001083 63
1004387832795126574747885442782890326866127322912225486613414716603088518007407476405519201920209034125 0.0001088 64
14463184792249822676369550376073620706872233449936047007233171919084474659306667660239476507651010091400 0.0001104 65
204895117890205821248568630327709626680689973874093999269136602187030057673511125186725917191722642961500 0.0001089 66
2856299106111227418599449264568370019697976650722444706229456514069941401000886431707492636672670873523000 0.0001092 67
39190103911790811493430678880033665123209003163588836925177690112165519516673927070339568088464734191131750 0.0001074 68
529350389069406323360541923423063418765663636934272406003849379486061799848407246805166339977523656030939000 0.0001080 69
7040360174623104100695207581526743469583326371225822999851196747164621937983816382508712321701064625211488700 0.0001074 70
92218802287316715685162578180561569390316810214648104082557929223423921159506327263846513509605494386573021000 0.0001079 71
1189878712846072623215500487913079138383393287352890120731893281230011427183074694834908486811437559515643562625 0.0001086 72
15126129390700758826629924010730649868764232474842219616975300890156857594875250915161576380287863770281057892000 0.0001085 73
189485431691616262598458642674963681464114101407820778174812215205073067438504832410199747358470942095277576566000 0.0001091 74
2339513463285822122215636041560218253810262105381893874531681483731968805974072997491266214052587898403027145334880 0.0001082 75
28474341493939282408545570242673709010190690098398050446602702269106199283237072666834490105245313237142106703089000 0.0001084 76
341692097927271388902546842912084508122288281180776605359232427229274391398844872002013881262943758845705280437068000 0.0001089 77
4043356492139378102013470974459666679447077993972523163417583722213080298219664318690497594944834479674179151838638000 0.0001105 78
47189552984208944431093927069010287068989948233451472869253318884562785252639626605476440285305536585564470607534484000 0.0001085 79
543269728730705472762968835381980929881746779037610081407278833658529065221013701295547518784579989941310967869240747050 0.0001096 80
6170470992990728826443596648782993277669222675488904628329586752664774567942377841875354534343377663530939388144462806000 0.0001092 81
69154424909249753554898357563799644172902629741150040895547441776816193023646893130285985573921513082743088996399528277000 0.0001134 82
764864603213147876667430027030940642779814627739466717374850018688159821635034311971114876588674084457327177092708035642000 0.0001096 83
8349771918410197653619444461754435350346309686155844998008779370679078052849124572351337402759692088659155016595396055758500 0.0001094 84
89981071497220482949593072081965444481379054970808870802071081218141594075409389509103824246210328861315129355310385730291600 0.0001090 85
957356749069264440684623964593004438377463201142908334696453945518599518360460365125930223084679661722131899536151197014149000 0.0001098 86
10057747915509283894089037972850644329620705354535841585201826508091953560706445675001151998843646101310673059494737862884278000 0.0001100 87
104349134623408820401173768968325434919814818053309356446468950021454018192329373878136951988002828301098232992257905327424384250 0.0001106 88
1069285514343245440515398621338346029740124877130540821114378454152427692038251561537762923742231229332602117853249546725966724000 0.0001104 89
10823545595185517736772534933769258145480597367399140978168875241476240304964968584010022483657473888022228104047892634081729839600 0.0001080 90
108235455951855177367725349337692581454805973673991409781688752414762403049649685840100224836574738880222281040478926340817298396000 0.0001090 91
1069413363698221263339808071173506049374115544235415124908207347228467656218821352485338091048330843936109276802123304823944828717000 0.0001078 92
10441154131591235560349954071242403148727923808233945520609164207348910019856879441469752544858972110688034659530408180431633381452000 0.0001100 93
100746029759077134608908599389541060169108796745406261565877786553887887106491379291628357001990294727596249321213619357994590180606000 0.0001099 94
960798978544461936375486221546570531718027051066716557670371311766551849668223048823318857303191652875812651421258306719401038985568800 0.0001109 95
9057532037320188046039739901037982616716817512660192548871729553632598166143144366511495477701962977631358849335820495636020211270205875 0.0001072 96
84412463523066494779586854335446765830020649808709423342062304293648131362818582549756617647861593111121117523707028124277961556580063000 0.0001087 97
777800556748255559040478872090902342290904558951679686509002660991472067557399796351328834041010393666758868611300473430846931485630580500 0.0001068 98
7086627294817439537924363056828221340872685981559748254859802022366745504411864811200996043484761364519358580680737646814383153535745289000 0.0001092 99
63850511926305130236698511142022274281262900693853331776286816221524376994750901948920974351797699894319420811933446197797592213357065053890 0.0001054 100
568964957759154625871570891364554919337986243806613847511466679201702369260156552020087890263543860444430482482575263148691415762587708401000 0.0001083 101
5014700951230196163319041483693479142008329737079861263851064162767945391812556277118225621048293436662186311292501584026211595789866175024500 0.0001075 102
43720402468006952957868924780162565723528933047550635096487918622967135551919179969438510754382208797307216578064722548112019543876697331767000 0.0001090 103
377088471286559969261619476228902129365437047535124227707208298123091544135302927236407155256546550876774742985808231977466168565936514486490375 0.0001098 104
3217821621645311737699152863819964837251729472299726743101510810650381176621251645750674391522530567481811140145563579541044638429324923618051200 0.0001093 105
27169342937476924577742847293574231408870734695360900330904265806906520312037926631574090381251555263171895947455466072539952371643828364510904000 0.0001078 106
227003669029012809088804724116405260556359222594884531736714146087611487466933704753525577577933555189492289504908286624773060002332547269838768000 0.0001088 107
1876984041138041097373172394777313867378044312752147100378571596817009799147887021712021673861987636890894578961880555147429097982249673258944628000 0.0001075 108
15360273070597547328962108037994164859644179146558855170070512517071309548990047920799296633806357542263100591137591332032172067891437693091546864000 0.0001079 109
124418211871840133364593075107752735363117851087126726877571151388277607346819388158474302733831496092331114788214489789460593749920645314041529598400 0.0001095 110
997587464557997465716106638251350761019593580788673756045390312933036671519542841991370535433423707406979208662260323537116472409273642608080732816000 0.0001074 111
7918350499929104884121596441120096665593024047510097938610285608905978580186371308306503625002800677542897468756691318075861999748609538201640816727000 0.0001101 112
62225621627761461390265288847032264062359339417601477606070209032818663532792015236957302823030858421753034975716299915498809343157214778080150842952000 0.0001135 113
484159003366880844326011501818575598450111702310636058215651538702720653978829101010360768456389222983288965118073316009188104275267100948746436821916000 0.0001095 114
3730129365070055896285619048793547654146077984758465631122324028614004342828196378218953398716181317940817592127069199862092699025101316874689939341022400 0.0001138 115
28458314552474133346661834984330083395855853590614155892614282459684429684508222368308394464343279882565720422693588292051310677907022977880177554455214000 0.0001114 116
215018376618693451952556086548271741213133116017973622299752356362060135394062124560552313730593670223829887638129333762165458455297506943983563744772728000 0.0001070 117
1608993445375477271814466308662067351620309673253141597378655344641517792821668271075997398509442464471540599868374590779594066237522869758792260903680668000 0.0001130 118
11925480830430008014624867934789440370832883460582108309982974907343014229148835420916216012481750030789065622553835202248756020348698917035754404344927304000 0.0001072 119
87552905096740308840704238754579141389198086073106978509125007444743296132334366715226552558303514809376390112249406776509617116060031215904163585232341290200 0.0001064 120
636748400703565882477849009124211937375986080531687116430000054143587608235159030656193109514934653159101018998177503829160851753163863388393916983507936656000 0.0001055 121
4587720034577331235229748188690018794700752170388139142147295472067323833104137606121260190685471804318440948355721523490429415500254392773756172364782592792000 0.0001085 122
32748115368771518898631861054226313022335450452038911925246548166464311589149860310361515832697920684484480915905069086378837616335149242726487149075439971312000 0.0001065 123
231613686922682436081452759230294165488614435858371981922913086628945171481326028162798785365129648712039433574586657973824520883273595853799429272090006893876000 0.0001061 124
1623148717954158512058820936685901511744209966495470849315774911095647761741132805364893887838828578173972350490703299080562242349981359743426400338806768312283008 0.0001078 125
11271866096903878555964034282540982720445902545107436453581770215941998345424533370589540887769642903985919100629884021392793349652648331551572224575047002168632000 0.0001074 126
77571739910976298093799731991659991320234006491526767404964308415222886251189308392876053038666676362863726724019831769270089666113501116347040348650323463743184000 0.0001068 127
529063507361580533092868484599368534551283497399241155816670634738199841385064579898287455490281316131094011172416508863849908425914738082585673627904159248810934625 0.0001069 128
3576305259064327324472723399772475675416427982419676650171603050323335361920746617607028381298645795862899052266257331234706357731764741147400832585522688875683217000 0.0001065 129
23961245235730993073967246778475587025290067482211833556149740437166346924869002337967090154700926832281423650183924119272532596802823765687585578323002015467077553900 0.0001109 130
159131934008289801330927516773082142839712661904765612166795986109425357439969710183445560569387834687670523478320717433336666864263028062199995825503906514934026503000 0.0001064 131
1047618565554574525428606152089457440361441690873040280098073575220383603146467258707683273748469911693830946232278056436133056856398268076149972517900717889982341144750 0.0001071 132
6837089585724591639639324361004880137095724719381947091166374911964608778429575793671196102358435213159738806989604157793710476325967644286452452222088895703042647471000 0.0001062 133
44236990080770305608711150902919634916880547251523493492845127228905341872376434426215873289140024849324578698955125409008559574437417519375778179675754272944313248935500 0.0001066 134
283772099332941367830695234680951139540878177183847002702250964298015007862799942319281083469594529774185815950334360031121574751576322753921658545179282965702039063541800 0.0001069 135
1804874014139663846864348367639873056638673700470791598069463853807227807362661397839545126479406384225520079389994275197942368824364111633398784129265292392148998455615125 0.0001069 136
11382563125669120902852532771101097233108131950414335333810341384594487777819995968856693352395672379349265318196752217306731435505478777016471164143687683407421420917164000 0.0001067 137
71182260706177183617114027401885847189654477342083850674480613151485818494627945805241495384909168575205912823215921474896443687255276699747931990260887469424671639503714000 0.0001058 138
441432436897300232215484112377162591924332082509901289794261068608494788074599203482864525336630959077895660817353412311947729916647831044479981119459604306791848584548212000 0.0001052 139
2714809486918396428125227291119549940334642307435892932234705571942242946658785101419616830820280398329058314026723485718478538987384160923551883884676566486769868794971503800 0.0001078 140
16558412473402985306295712555764630841757392797126722849091111999080347050542944590218939535499582571368724468531788636297103145596811194285493759863984731763277213926776548000 0.0001043 141
100166734610233551958507162573252238683588735300928555826544121177535338848002742274634289161930573442293903651188777736473321141321555041487599575515231581582078357486627146000 0.0001088 142
601000407661401311751042975439513432101532411805571334959264727065212033088016453647805734971583440653763421907132666418839926847929330248925597453091389489492470144919762876000 0.0001055 143
3576787148373756417851693263553215356326481089703990514306179660381157724697431255390066075490604226668578142877865938339901509088023861273119701509023061058993381348584977671750 0.0001058 144
21115377924192658577110685748976223069072191812321488829283377857146696636834490721475148693930739434677950967610022367027280632961023622412348030977405105286195409892336144048400 0.0001042 145
123655124145100843037189289831333361123676191777636116089296493615482367291051298403159261187060152168833206008949103587728253021792295870976421688258091541230801886698269884667000 0.0001059 146
718377387890585850025575874258222383670880733184362198233055820051849943309917066913591898324825645933221482528180506557278422317079052202815402188927960382388468103675663139494000 0.0001050 147
4140377782909930608593352842853133062643657198690952399275652800704243254347022014035769522101866729601607598625256568198368204300462375195956338291591555447144346570509058499921500 0.0001047 148
23675180342545375023634473973898452143438898881105311705925209303355807065125253395694467334434835259198454188112205342986642349422778145415804028351919498261523377705192737194182000 0.0001077 149
134317189810040760967419582345250551827110019652137468411615687447705278749477270931573278010693632037185896760556578312544217595725228011658994854183223286803709296180793462348325880 0.0001055 150
756090141314798985578189701943463371212208719896138067217704200864566138655997882727399247080063491600053061234921136196440959975936713972914871695733376117769224514924996311232298000 0.0001094 151
4223161381422791702341335900986844751047139494683034335972571490355372708677251331812907636651144107687138480187158188360384046181383356335557408353142344236750471139285012291027769750 0.0001049 152
23406802950630897801212110091744080711686106480334726254279350482492523248093523721420559973073007864828061641821634926337291968377863308317337792702383711848133330236037192305827116000 0.0001070 153
128737416228469937906666605504592443914273585641840994398536427653708877864514380467813079851901543256554339030018992094855105826078248195745357859863110415164733316298204557682049138000 0.0001046 154
702657123414745596574451279076678758396615828729016008136527856742178778537930102424321713256185197387386908512232692337080125992659341765164985480285105878899125068311490682574281101600 0.0001042 155
3806059418496538648111611094998676607981669072282170044072859224020135050413788054798409280137669819181679087774593750159184015793571434561310338018210990177370260786687241197277355967000 0.0001029 156
20460599676503685471377068561648936669659418452268481001257918376261108169103421135349410397682760047065841720265968949900326811017670641845515447690255259297455414674930137391733047364000 0.0001090 157
109166364096788650964372587325759832990651200982672971418103956906253887256672050741136411172446624808079142849267163447885920896758837665036515964575222680935157687158013327982474423594000 0.0001038 158
578101123078591472402526531624464021246090007719563785748701457327457692264892243547401623944654453386180114962785859264905316950131706377111612843851179228600017437654385045039267073372000 0.0001040 159
3038644028181846426815780081851089011674760603075957148841612035077449494967339855146029785859089970611109229273143172761158572219129781644692915010492760820328841656670861392987647554411575 0.0001058 160
15853794929644416139908417818353507886998750972570211211347541052577997365046990548587981491438730281449265544033790466579957768099807556407093469619962230366933086904369711615587726370843000 0.0001056 161
82106999666491760131994830553077735291308346086335846952596215698228023390582870804106891798253671025530455502742902478151756589109497159416984080315730316529980616745470296577025323611958500 0.0001036 162
422120648592147822028292441739135841558996282333432145682672569049785788965082489164672241269549547971745531971156762433688171912108948586450507112298049111976219367071804346819308105440621000 0.0001056 163
2154359651656266628278541303266199386493170050689528694734127684723601861974231972139211377698859583246042745486940305835347560307531646139384600323130896992220095184384757550535127343010974250 0.0001036 164
10915422235058417583277942603215410224898728256826945386652913602599582767336108658838670980340888555113283243800497549565760972224827007106215308303863211427248482267549438256044645204588936200 0.0001120 165
54905888953456498084560735383643780348135169243677707215995077458859347052564161024881266678220734599515611497430213577635002480769461150202950496588709527359954715020504704480706498468866034500 0.0001058 166
274200666989118080254632654550652172517034318258845555797244877848435302046937187393718421614587381173628862208723342058368814784201979636342878527874154166576061271419766009203049219898408819000 0.0001087 167
1359578307154377147929220245480317022063628494700109214161339185998491705982730220827187173838995764985909775118253237706078706638334815696866772700709347742606303804123006462298452381996277060875 0.0001095 168
6693308589067702882113084285441560724005555666215922285101977531069497629453441087149229163515056073776786585197554401014541324988725246507651804065030635040523341804913262583623150188289363992000 0.0001118 169
32718467279501535853152782595305511539109510344855478934822019578345603118092997314241231969888303513579468542936280630841669653327239293222697936341414457168675864940487771805828457685108596925600 0.0001104 170
158808934748457747123490114351482892265853178866842383133931440058636553146299343689007149327528022902169350237643935225722724048313500663010756065282888885672520280120496202332383741980351669288000 0.0001094 171
765422133177159723054495958124298358653443519073327532662960254701219200920245092547598411584422854569176693877946641291419408349138907265325097547206481896642554140813321812404337919195997289766000 0.0001119 172
3663407666304556362364870828479300814826885744466561832629659484928378603248340674158447888970532506261724292086357335198238555566976966564677345486051832430173611725973586477865848538117258704776000 0.0001062 173
17411713448470506388941081466392998700355370750999118595314531000205569568312515732925496575739255072864632123881709863269788996861436502005679107568763594366399867226322735731006073224269959476148000 0.0001177 174
82183287476780790155801904521374953865677349944715839769884586320970288362435074259408343837489283943921063624721670554633404065185980289466805387724564165409407373308243312650348665618554208727418560 0.0001122 175
385234160047409953855321427443945096245362577865855498921333998379548226698914410590976611738231018487129985740882830724844081555559282606875650254958894525356597062382390528048509370086972853409774500 0.0001094 176
1793406485192462158060931391038478866136603187352909215317396693021173665536189120491326147301143272505057108759816115916788266676727959706584948079582650219739186324311241780293625542099805826043244000 0.0001126 177
8291986164682002000472733341711618577699013613435080248349536395260819813125189023395288872072139962200348317468138558424251367836781521564715799266834388375535676094989617894278954051394046038390954000 0.0001079 178
38078282834461484046863613446295812686416699386835955106945915736896055231222935068329203647169268429769197301445865335333712985261644752660315011158312107512236456704365731335739107431541373427694772000 0.0001062 179
173679278928293768902639036885604790086378389981068439682236648999953674137966831617212645524033163226891727691594752446160990893887835232967325689783190223708589616412690363481343373340530375467430043400 0.0001020 180
786834302327076743094828785890585236855415910411470279223392553480453109354324872519968891324349137271001197276838105004707251563469750779188989312829922560447754063306111038976251746625607225874544948000 0.0001018 181
3540754360471845343926729536507633565849371596851616256505266490662038992094461926339860010959571117719505387745771472521182632035613878506350451907734651522014893284877499675393132859815232516435452266000 0.0001014 182
15826978507464314160284506889963083370845824952047115288641027264270753527504206862000029994343875269369155230470169751488127830629137446001063768636759261994580233371747512210227227755895410920460109036000 0.0001021 183
70275225220643177548654576788586082141201298835991810819672387363636987130276831555728394050972533125405433822250699385683698030565246159689505972696914766573761144916944116716063288459600819141390810230500 0.0001056 184
309970723135377475025416944105331043390379782973888203399203611290420440531383213780942538084289659623409913507873355128204851853736437115171010128219905132563184293255277833731392666935320369834458925124800 0.0001088 185
1358205050297487323364058115300240862167524317869456375109413673127379887274609243179936389992989637597199352198477335642402979896748366929378350830640982166876318274209953948876801201894011297930559268692000 0.0001095 186
5912186689530238936996488266601048458846870560137633632829212459495653626960063764430311344675366657776044238981607225737518853668198773692588115380437216491108679546560976012757840525891578590991846228424000 0.0001027 187
25567062652064277956266728514609853175758009390382426295160370901967906376162403406818314485218473897722999820702375928322355468256625547936564562788805622379102959954011029246660235891222624438704100977174000 0.0001113 188
109843676579239120108405203988694184014367744047568942601429741652899153319808844266330536306864554523550665896350948432792342011769206057801536640129683414665775679802417755281947680125252756847765767161192000 0.0001011 189
468859061609278560041666423341215701240274949592517960261892213055269543907184066842074026025616598518945210747055890415760996692341190067773927448132490785757600401682951576492945097797789398965989669303824800 0.0001021 190
1988355182740919547820679596368506376987553451151515957131584777878368222852455990272669953302353114137935186937776289197729881260713947407837074518258206997191917933838695167326102247205284885667286032126168000 0.0001023 191
8378017410611478719723592674281883640536097614487377131872146277622916105664775500680156209487519111133278990795109468546684760103737413817396840027452549274626362544143252033160503739526434752629345833281614125 0.0001017 192
35074808641316449769620014926527264153125216955988604780065773017198529602990355463987389726766401252827406344883152593708400446444662333494594024570889429087554927127812163952298896484649529948831665457469141000 0.0001001 193
145903972028568943113831711575811866863773454038571154935634426932367079327903179687823832523198380469235654228457237851147830723097126304794522566127359635431220753567754723244872213727382323034572958887513385500 0.0001023 194
603069751051418298203837741180022383036930276692760773733955631320450594555333142709671841095886639272840704144289916451411033655468122059817359939993086493115712448080052856078805150073180268542901563401721993400 0.0001056 195
2476893620389753724765762151275091930330249350702410320693032057208993513352261121843295061643820125584881463449762156854009602513529787031392728324971605239582390411757359944609378294943418960086917135399929615750 0.0001008 196
10108743506565289313257222180838446253733606487130649227599988700487465912361512395746239743967671984620531454891415097008242235638974359255024129813589698541239806553568108606426092127586339309187215110972301579000 0.0001023 197
40996570887737006659320956622289254251252959642252077423044398618643611755688355827193083406091114159849933122615183448977871288980284901423153415355113777417250326578359551570505818072989042753925927950054334181500 0.0001014 198
165222361065151152466208076437567748288969214236613899966239234633930535819407343584969110008467706312561037006720488070755039064131600456991804216657292710998164632742936484218822442686116644666575850331374753837000 0.0001036 199
661715556065930365627163346132458831897321703017638669364788134708891795956726411057801285583913163781806953211915554723373931451847059830252175887712457307547649354135460619296383882957897161889636280577155889117185 0.0001018 200
2633693755486290012446421278139139629442076429920949927820052277448325556046672282817119544612589706594256530196678824769647488365560437135332043334178934557403579518947106942473169683414516067222432957521018464148000 0.0001013 201
10417432230859137227448963372441448336258510235182371249149612721194119402382629475103358990819104829548569146669041490054199718832093016193714369425786973818640891265538309143742884044793061077775861054748978974526000 0.0001013 202
40951285321308332549282131877873279666671385062441045600105374145383779719711026212475273274254412088570237335181749305730302342995124270554601314294472931562933158767978180771954785555393412512636143456599434589516000 0.0001028 203
159991050985699710989107152483651979874201440660615261486686192126818002140243568094817611762650815855835682137940461748367896898858402174666751213199484933606165331069012794486509627880630145943975521249557594940413000 0.0001024 204
621233544315204731450386796960912077950557789101706088504401019185107949773823805870608872990585606932903429179515158788784614299957503078218214466862390278782963919663093582493959335575519981323924462998282173524725600 0.0001020 205
2397478969565960007296395648465655834809191467649788060004848593457091359564028765374437155473376492775039932998614326393610526060515606539725633500755341124429399592874560184867464426128827112390873534386574407534742000 0.0001023 206
9196127062006629206731102149187104989557961474946530046588646295675992944414680385059435272685318527842423704352172826843124433294924597065421028983573627308197793607451211530361192049982071146079002832381353041461764000 0.0001040 207
35060234423900273850662326943775837772689728123233645802619214002264723100580968968039096977112776887399240372842658902339411901936900026311917672999874454112504088128407743959502044690556646244426198298453908470572975250 0.0001037 208
132859835711622090381457238944834753664929496045938026199399126745424213854833145563095525386953680836460279307614286366759876681024042204971477497683734773478962860276071450793902485143162027873615067236246389993750222000 0.0001024 209
500438714513776540436822266692210905471234435106366565351070044074431205519871514954326478957525531150667052058680478648128868831857225638725898574608734313437426773706535797990366027372576971657283419923194735643125836200 0.0001025 210
1873680495098973776990945927425813342759598121962225529039551349852135793178665861677336106049503173502497493489846341857923252972356437225561421203511374917609322991602669575414166642769364017105468728622387872787058818000 0.0001011 211
6973273163363633537952152531787578903006240180321678973642481202987429909518713985204802772042726433459766614922116810027837012241458627221546987403634315141479980379125029693404610760118057591963277485297471847306553808500 0.0001014 212
25797836867279545670921578380509916317224963671800389817982512619502792341318059250429035607369335350076507476801070639915190449043518301645910920535510987471766312388500109851656494267479011185291373983166233876420490146000 0.0001049 213
94873353339014030107548047595613570755402086026667788723141296409106063423445386121904911322428350095842109272160946699127359268211443473809962123651622182898505083410044796510531126114513933658057529554915075050200587593000 0.0001033 214
346839328951000128672245420512336123784865300544004102029716553383987748143386388334033768834552014768985571571713972583786532022391602653091303391582209468642906956094396325847802163376781171419689387117038367392826334177200 0.0001013 215
1260504042715440282443114143991591931347774356143718611543182844474214732835918124269520872847793201822470711499053094806816794618413926308688301677740900152243897965435653313845021751160987127613223004105903325941521631153250 0.0001023 216
4554079122068687472052541423453493429385507351228918854607628341326195163794284836070527024482349632390861925415933761882692935395559991824938380255063897324236018455767521650020723746130018009441321821285844274369368473844000 0.0001025 217
16357082351283405002830917131027914473435102091799281941090701794763352354362041406620287431971008083312132511929707043826369579884052631187737393301445099104939460783788850697092782996421119731158509110398238838675300527614000 0.0001002 218
58407481272619281790930489481569995973635843999027572958597848417830783292744823652863309460280037996119121572278679946448497769266343185337034892975936381278824923894625028516559617822837057670164174083705126812073447546092000 0.0001021 219
207346558517798450357803237659573485706407246196547884003022361883299280689244123967664748583994134886222881581589313809892167080895518307946473870064574153539828479825918851233786643271071554729082817997153200182860738788626600 0.0001026 220
731811383003994530674599662327906420140260868928992531775373041941056284785567496356463818531744005480786640876197578152560589697278299910399319541404379365434688752326772416119246976250840781396762887048776000645390842783388000 0.0001027 221
2567932735856359186466275391682158113915600076106690010148718917441814620936743602079663579442471082295192762353864474688489636820629710045950765417810862728259560982263764469175195470718040399585938238788272542805222822199366000 0.0001014 222
8958976091911423529465301590711744451239178740856523891908983487756644731339849876313803878054899112222690444445320902724865190342824728321747513430748211670788961633189276937301803032370562470304304707521417212118669756372676000 0.0001003 223
31076448318817750367832764892781363565235901257346067250059286473155861411835104258463507202002931295522457479169706881326876129001673276366061687212907859233049210665125304376265629268535388568868056954214915954536635717417719875 0.0001006 224
107179217312900330157503224696881502784991375003113547493537805791861993135929070686967473727796776379224120017047522399598470560467993166489172752343184438954871944338387716426587236943926495686407165317647887914313019185405113880 0.0001040 225
367539351404857326867544243982668870169771308085898227024299997737579843718340839745131823624081865902206606253149689644640772939657941168270393287902513009690379455142701239958429684210367407774183863368040323599967211808358244500 0.0001056 226
1253195850164579607909600197544430420755079261931652985536599992285844929682800924945956085837177815895629573744219646629744309494692715701503455527914295460353981049693615681620372579642398121661754670691027358882707585637309609000 0.0001007 227
4248773649900087881202284880271248751068755567864770867630665763319991801073706644663263396281308998628603774141586784406983996664023987882728820715253291187954505927250723341633982473963042754581299826509491879019004226744036525250 0.0000999 228
14323376671278898883354427631307441204476328813937131483890279341847308604493019780262180532441792781402978662171637543939701508404482614172343448000766553699130474130295014933368709475543532779636521685874793583417778441250638417000 0.0000999 229
48014449624156656691592450885817552907179345719763166843823501619844673626365731524270179089185314062876941515366663245119608099912417806638594775689526143052302589367206332667944673937582885969998948781780286316587422513931487910900 0.0001017 230
160048165413855522305308169619391843023931152399210556146078338732815578754552438414233930297284380209589805051222210817065360333041392688795315918965087143507675297890687775559815579791942953233329829272600954388624741713104959703000 0.0001033 231
530504479324374554537853372574622100368116621530141886535923458989375776130391487674766777580222794746442069329266724647945095241848409386567232507259275919643975448611805600885768020948293668260476890994095404848501837833524629360375 0.0001013 232
1748615622837423424399448026340385292200487404871883986521842130917770798575710998000948005071292301996856262853548688968334047835792182012376114015343879426122631521604578117941072275057036640446550438984829488942701336721660580896000 0.0001023 233
5731573430411554557753746308560151791101597604857841955821593651341582061998163826780885127733680323211917750464409591618428267906207707707232818161404938118957514431926117164362403568242508988130359772228052213756632159254331904048000 0.0001001 234
18682490415724471452082424137689686263760952192855774204933364837990007912725929750273012799336166500341825518535054243317940651983638740866980164730366734464346621510023003182560004822441539935778108874581651045691830782931141440428800 0.0001019 235
60559767661140765512046840954799194880411561133621471469381458055348966327268373978639215218187149884582612379997103797195866943930015410013728076350553185869598158708337277265501710547321093435890903767182046821840044698908149160712000 0.0001008 236
195222204612284999372167875482981370838119969223994954441381577866188229004358808943798989142172921990806396026657330384209461371993804950424001056252416177233641321743331982408621547924697533270129326911928623510066641982978168602464000 0.0001001 237
625859420668796027399008777283675571216325783688689706885605646688662263572797358084532053426377896970526387261930853290553861457274257046947532797985687156425497178530093708309992609523295033130708724511771175370507764004253540519664000 0.0001001 238
1995417901881265995305626310837492825384268816614148772580884948856739099759295342512190061551882667328623879052683306307121516445368133346334811682280726415046982636150340609758219114881802574249372586100291362478355297787620074794912000 0.0000999 239
6327137597215180926781590093947216833822619039347363399725222691999910228820098981882402653504094624321178216496216650415497808395521456152336632042565136674378140775460038350108353110104382329182385575093007195191784923401578653828866800 0.0001011 240
19952799061757417030514557972613629849399130580514506986685349568132496987150519610915460650054406284166371139158193586372524209048117455086206806441284248433723597466181033801171569973773155892857315506517367088571603907822405713319248000 0.0001016 241
62579233420966444322977477277742748164024545911613681003694960009142831459699356961507581129716092436703618572814334429986553201105459290952194074747664233723951282962113242376401742190470352573052489543168105868701848619988454282683096000 0.0001000 242
195206003839887097929287768627691370816175332514416338274900327929754182084165072332603895046604107271692769046062820979135009573818675483710959294891890901904341862079349126425154405680561840536517642278688988676855972238482503482608176000 0.0001033 243
605618626667190709559306724799845769294445601284480197024998148536163589498823605556480117009341431166686172819137522463955746915494825168726213878004759888285191760631423314360007725820431611828458422971178542739262176166111701378419628000 0.0000988 244
1868766048001617046640146465096666945251432141106396036534280001197304790453512840002852932485967844742917333270481497888777733339241174806355174252128973369565734575662677655739452411103046116499243133739636646166866143598287535681980566400 0.0000985 245
5735440513175694594363051142877981884816387262338735803184477239447012669887813797569731561084982612930498319590298906122061742565557264141455920977062499569195648799289925325541815326759348853483449455176527105105625765921573534308517592000 0.0000993 246
17508186829694225603845103488785418385228971642928772451826298941469828150183852645212864765417315344735205396644070345004188477305385332642339127193138156579649875282042929941127646786949591236949477284223082741901383917023750788941790544000 0.0000993 247
53159938236934483385868398899417016306763772770666797000908077027930566923743713878408416001448542155587135740616874878178040013753851433385811946679165451227727242287815831635762572703923557263802243528306376228434443909350340097069226934000 0.0000994 248
160547283350099323317963999889002394629262478407796913030854915361460989263675794524349914992326520887556329626280682363011590724268659750627030457440692447081328860242720905181098211539560301455338502543318855115593179999323115473879753632000 0.0001003 249
482284039183698367247163855666563193466304485137021926744688165745828811748082086751147144636948868746219214197347169818486818535703053890883599494151840111032311896169133599164019027464839145571836861640129840767241912717966638883534779910528 0.0001001 250
1441087766485154483806266500995706753385371967540902171547873005216619955422556036109005412261799408604240679872551304238506429887558925968775695699656892762048740725604980873996072791229599040553297395339033388746738783021812665986657708896000 0.0001005 251
4283233083719764715757514322403906183673188903524348120989511432171620423061485996212877197555903797795937576287860820931116333276911252184972206662869097931644868267770359819932771907265752703866745036146571460997251382870387646127010412552000 0.0000992 252
12663471725780173942239607561889809586512036758245898792490729451637834294268741206194593453643541663048858921198892861883300463601302832546874350133699941710950045313408020337192543030177007994040811411215950406426656262399406953766813393632000 0.0001002 253
37242572358888936751389712002880660476868076607912151173191239765249851251254920004044729566424116623218494543840838456011123804370760692568957242322338017551494818303605477133396967100559940832868055607001239974805953653591956671117360649776000 0.0001002 254
108952780312671163986418530016270481238210137841186136373335940646574074640926158129479875515891729415376458547863786228173719051217990104535067069695937886640843664527410533103977009635363591613017919540482058906687221276782743830013925665619200 0.0001014 255
317069614581796942069850800242662142665884971451889342180215921022256584404257764868994168981794290681466646945931721640583674582646104015150878777044819240419642695597347059228370594446663577155071679912730991740163983793762281849063963362837125 0.0001004 256
917898028205668968482369631830897409118359606070839185144282666305676649014660611138255493083482304540899553804564984049004878947426853646973750233935196555923012317215666194808979464079057203904176380759034466360630365535249563018301901719653000 0.0001013 257
2643404011460511796831010218799832461143182896552843079698457445988828489216638891766371439383826946798016932080588306776785368441620745192641459007030430391669760277873023188926634658181160862406213375596754296534683572064691571017822918518225500 0.0001015 258
7572995276076060823353704951156276780572361811745982876973959169589616752890911419655010069586098820556480940555198932928087812292210783524864720398519611392351205120392985352060088480194677065271854535493404200883147530779927203456465658457619000 0.0001010 259
21583036536816773346558059110795388824631231163476051199375783633330407745739097546016778698320381638585970680582316958845050265032800733045864453135780892468200934593120008253371252168554829636024785426156201972516970462722792529850927126604214150 0.0001000 260
61193283667603112170317868743251293985544486823648574281755095358867822727382881931235311251942844492542598864486262641936157839556599779517010326898382606997964335628003088534462554041113310079150732625883484519779916254463089931378107562019611000 0.0001021 261
172602429886865266770476736646040863569913647949146169443576394924440156471511258577033950439640313282400689163570030886987865051268424568943017677778262391494258183317153749721251249757186015833940425231022500229455565313161158241558860642490429500 0.0001019 262
