100 0.0000053 1
4950 0.0000052 2
161700 0.0000053 3
3921225 0.0000053 4
75287520 0.0000053 5
1192052400 0.0000053 6
16007560800 0.0000054 7
186087894300 0.0000052 8
1902231808400 0.0000052 9
17310309456440 0.0000053 10
141629804643600 0.0000052 11
1050421051106700 0.0000052 12
7110542499799200 0.0000053 13
44186942677323600 0.0000052 14
253338471349988640 0.0000052 15
1345860629046814650 0.0000052 16
6650134872937201800 0.0000052 17
30664510802988208300 0.0000052 18
132341572939212267400 0.0000051 19
535983370403809682970 0.0000053 20
2041841411062132125600 0.0000052 21
7332066885177656269200 0.0000052 22
24865270306254660391200 0.0000051 23
79776075565900368755100 0.0000051 24
242519269720337121015504 0.0000050 25
699574816500972464467800 0.0000051 26
1917353200780443050763600 0.0000052 27
4998813702034726525205100 0.0000051 28
12410847811948286545336800 0.0000052 29
29372339821610944823963760 0.0000053 30
66324638306863423796047200 0.0000051 31
143012501349174257560226775 0.0000052 32
294692427022540894366527900 0.0000054 33
580717429720889409486981450 0.0000053 34
1095067153187962886461165020 0.0000056 35
1977204582144932989443770175 0.0000054 36
3420029547493938143902737600 0.0000054 37
5670048986634686922786117600 0.0000055 38
9013924030034630492634340800 0.0000054 39
13746234145802811501267369720 0.0000056 40
20116440213369968050635175200 0.0000054 41
28258808871162574166368460400 0.0000053 42
38116532895986727945334202400 0.0000052 43
49378235797073715747364762200 0.0000052 44
61448471214136179596720592960 0.0000052 45
73470998190814997343905056800 0.0000051 46
84413487283064039501507937600 0.0000052 47
93206558875049876949581681100 0.0000053 48
98913082887808032681188722800 0.0000052 49
100891344545564193334812497256 0.0000052 50
98913082887808032681188722800 0.0000062 51
93206558875049876949581681100 0.0000053 52
84413487283064039501507937600 0.0000054 53
73470998190814997343905056800 0.0000052 54
61448471214136179596720592960 0.0000054 55
49378235797073715747364762200 0.0000057 56
38116532895986727945334202400 0.0000057 57
28258808871162574166368460400 0.0000056 58
20116440213369968050635175200 0.0000052 59
13746234145802811501267369720 0.0000053 60
9013924030034630492634340800 0.0000054 61
5670048986634686922786117600 0.0000054 62
3420029547493938143902737600 0.0000055 63
1977204582144932989443770175 0.0000054 64
1095067153187962886461165020 0.0000054 65
580717429720889409486981450 0.0000052 66
294692427022540894366527900 0.0000058 67
143012501349174257560226775 0.0000052 68
66324638306863423796047200 0.0000053 69
29372339821610944823963760 0.0000052 70
12410847811948286545336800 0.0000052 71
4998813702034726525205100 0.0000052 72
1917353200780443050763600 0.0000051 73
699574816500972464467800 0.0000052 74
242519269720337121015504 0.0000051 75
79776075565900368755100 0.0000052 76
24865270306254660391200 0.0000052 77
7332066885177656269200 0.0000052 78
2041841411062132125600 0.0000052 79
535983370403809682970 0.0000052 80
132341572939212267400 0.0000052 81
30664510802988208300 0.0000053 82
6650134872937201800 0.0000052 83
1345860629046814650 0.0000054 84
253338471349988640 0.0000051 85
44186942677323600 0.0000051 86
7110542499799200 0.0000051 87
1050421051106700 0.0000052 88
141629804643600 0.0000052 89
17310309456440 0.0000052 90
1902231808400 0.0000053 91
186087894300 0.0000053 92
16007560800 0.0000053 93
1192052400 0.0000054 94
75287520 0.0000053 95
3921225 0.0000054 96
161700 0.0000053 97
4950 0.0000059 98
100 0.0000057 99
1 0.0000054 100
